AC	AG	AT	CG	CT	GT	Symm	Asymm	Ts	Tv
8537	8537	8537	4750	4750	4220	13287	34088	17044	17044
102	225	239	92	341	154	331	669	457	212
36	89	70	25	95	46	95	230	159	71
16	38	30	18	46	20	48	109	75	34
12	23	24	12	34	8	36	72	52	20
6	14	19	3	21	13	22	42	28	14
5	9	9	2	22	8	11	31	22	9
6	15	11	3	13	5	14	42	31	11
5	11	6	1	8	5	7	37	25	12
5	7	9	0	15	4	9	21	11	10
1	10	6	4	7	2	10	25	19	6
5	11	5	1	9	5	6	25	18	7
4	12	6	3	4	5	9	35	27	8
3	8	9	3	14	7	12	24	16	8
4	7	8	5	16	5	13	29	20	9
11	16	8	4	13	4	12	57	38	19
11	14	21	6	14	8	27	59	35	24
9	31	25	5	29	8	30	82	65	17
30	36	46	11	37	18	57	132	82	50
47	91	67	27	70	35	94	279	186	93
207	305	235	84	232	110	319	1007	646	361
4750	4220	8507	4220	8507	8507	12727	17940	8970	8970
