AC	AG	AT	CG	CT	GT	Symm	Asymm	Ts	Tv
1010	1010	1010	733	733	634	1743	4128	2064	2064
14	25	22	13	42	16	35	83	55	28
4	11	12	6	6	5	18	28	18	10
1	4	4	0	6	3	4	7	6	1
0	2	1	2	5	1	3	6	5	1
1	3	2	0	4	1	2	10	8	2
1	4	0	0	0	0	0	9	6	3
2	0	1	0	3	0	1	3	1	2
0	2	0	0	1	1	0	2	2	0
0	1	1	2	3	0	3	3	1	2
0	1	0	0	2	0	0	3	3	0
1	1	1	1	2	0	2	4	3	1
3	2	1	0	0	2	1	8	5	3
1	2	0	0	0	0	0	5	3	2
1	1	0	0	1	0	0	5	4	1
1	0	1	0	2	2	1	1	0	1
0	2	0	1	5	1	1	7	6	1
4	5	2	1	3	1	3	15	10	5
1	4	2	1	2	0	3	14	10	4
2	4	6	4	7	6	10	17	10	7
17	31	28	10	30	14	38	106	73	33
733	634	1054	634	1054	1054	1688	2734	1367	1367
