AC	AG	AT	CG	CT	GT	Symm	Asymm	Ts	Tv
1083	1083	1083	710	710	609	1793	4372	2186	2186
15	17	19	16	40	14	35	75	45	30
7	13	6	1	8	7	7	26	16	10
2	1	1	1	4	0	2	9	4	5
0	1	0	0	4	2	0	2	1	1
0	2	0	0	2	2	0	4	4	0
0	2	0	1	0	0	1	3	2	1
0	4	2	0	0	1	2	6	6	0
0	0	1	0	1	0	1	0	0	0
0	0	0	0	2	0	0	1	1	0
4	0	1	0	0	0	1	4	0	4
0	1	1	0	0	0	1	1	1	0
0	1	0	0	1	0	0	3	3	0
0	3	1	0	0	0	1	4	4	0
0	3	0	0	2	0	0	4	3	1
0	1	0	0	0	1	0	1	1	0
1	2	0	2	2	0	2	7	4	3
1	0	0	1	0	1	1	7	4	3
2	1	0	1	3	3	1	7	5	2
2	4	8	1	3	3	9	21	12	9
20	26	24	4	28	15	28	100	66	34
710	609	1103	609	1103	1103	1712	2638	1319	1319
