AC	AG	AT	CG	CT	GT	Symm	Asymm	Ts	Tv
1103	1103	1103	724	724	576	1827	4576	2288	2288
8	19	18	6	27	17	24	53	35	18
0	11	5	2	4	1	7	15	14	1
0	1	3	2	4	0	5	5	3	2
0	3	0	1	1	1	1	7	5	2
0	3	0	0	2	0	0	4	4	0
2	1	0	0	1	0	0	4	2	2
2	1	0	1	0	1	1	5	2	3
0	1	0	0	0	0	0	2	1	1
1	1	1	0	0	1	1	2	1	1
0	0	0	0	1	0	0	0	0	0
1	0	1	1	0	0	2	2	1	1
0	1	0	1	0	0	1	2	1	1
0	0	0	0	0	1	0	0	0	0
1	0	0	0	1	1	0	2	0	2
1	0	0	0	1	0	0	2	1	1
0	1	2	0	1	0	2	3	3	0
0	0	3	0	2	2	3	2	1	1
1	4	4	0	2	2	4	9	8	1
3	4	4	1	3	1	5	12	8	4
17	25	15	7	16	10	22	86	52	34
724	576	1185	576	1185	1185	1761	2600	1300	1300
