AC	AG	AT	CG	CT	GT	Symm	Asymm	Ts	Tv
8979	8979	8979	4302	4302	3797	13281	36118	18059	18059
88	220	234	86	299	151	320	627	442	185
33	72	72	32	89	53	104	194	136	58
13	40	29	12	43	17	41	103	78	25
4	26	20	1	34	8	21	54	44	10
4	14	14	5	20	10	19	32	21	11
10	14	13	3	8	7	16	40	24	16
5	9	9	1	9	5	10	32	22	10
6	7	7	1	13	2	8	23	14	9
2	11	7	1	9	6	8	35	28	7
4	4	3	3	9	5	6	21	12	9
7	6	12	0	8	5	12	27	15	12
4	3	8	4	17	5	12	22	12	10
2	6	5	1	7	3	6	23	19	4
3	14	5	3	13	5	8	31	23	8
8	13	11	4	10	6	15	36	21	15
12	15	19	4	7	7	23	57	35	22
17	23	15	10	18	6	25	82	57	25
25	29	40	12	38	12	52	114	72	42
47	77	64	17	64	25	81	266	166	100
173	289	285	70	222	97	355	912	588	324
4302	3797	9080	3797	9080	9080	12877	16198	8099	8099
