AC	AG	AT	CG	CT	GT	Symm	Asymm	Ts	Tv
876	876	876	798	798	704	1674	3652	1826	1826
7	44	20	9	51	15	29	94	72	22
4	11	3	6	10	9	9	28	22	6
1	4	1	3	4	1	4	11	8	3
1	5	1	0	2	1	1	8	6	2
0	1	1	0	4	1	1	3	3	0
1	1	3	0	3	1	3	4	3	1
1	1	0	1	1	1	1	7	4	3
1	2	0	2	0	0	2	4	3	1
1	1	0	0	1	0	0	3	2	1
3	0	0	1	0	0	1	3	0	3
0	2	1	0	0	0	1	2	2	0
0	2	0	0	1	0	0	3	3	0
1	2	0	1	1	0	1	3	2	1
1	1	3	2	3	2	5	4	2	2
0	7	1	1	2	0	2	11	10	1
1	2	0	0	2	0	0	8	6	2
2	0	3	0	1	1	3	5	2	3
4	4	3	0	4	2	3	13	8	5
8	12	2	6	11	2	8	39	22	17
18	46	16	9	28	15	25	130	97	33
798	704	950	704	950	950	1654	3004	1502	1502
