AC	AG	AT	CG	CT	GT	Symm	Asymm	Ts	Tv
9395	9395	9395	4039	4039	3537	13434	38262	19131	19131
97	217	233	60	252	115	293	609	424	185
30	74	67	15	73	37	82	210	151	59
17	32	40	7	30	22	47	101	66	35
13	16	23	6	21	9	29	62	41	21
7	9	12	2	10	7	14	33	23	10
3	15	10	4	15	9	14	38	29	9
6	5	11	3	15	5	14	27	11	16
3	14	8	3	11	3	11	26	21	5
3	4	9	2	5	7	11	16	9	7
1	5	7	0	10	4	7	20	14	6
2	8	7	1	9	5	8	24	18	6
2	3	15	1	5	4	16	17	8	9
10	6	8	5	7	2	13	30	17	13
8	16	7	0	6	10	7	44	31	13
7	15	12	1	14	6	13	46	30	16
10	10	11	2	14	3	13	37	20	17
13	24	24	6	25	8	30	67	45	22
17	36	39	9	34	18	48	105	66	39
39	77	59	20	77	29	79	226	150	76
147	216	235	73	207	88	308	730	468	262
4039	3537	9736	3537	9736	9736	13273	15152	7576	7576
