AC	AG	AT	CG	CT	GT	Symm	Asymm	Ts	Tv
8626	8626	8626	4679	4679	3928	13305	35242	17621	17621
123	235	251	90	300	157	341	678	465	213
33	65	84	28	103	49	112	191	135	56
12	34	27	15	31	17	42	98	67	31
12	30	23	6	30	7	29	73	53	20
12	17	13	3	18	9	16	46	27	19
4	13	15	2	11	3	17	42	33	9
5	7	12	6	12	4	18	23	16	7
5	7	12	3	8	4	15	32	23	9
3	9	9	1	7	7	10	28	18	10
3	9	8	3	8	5	11	27	21	6
6	7	4	2	12	3	6	26	15	11
2	9	4	3	9	7	7	25	16	9
1	7	8	1	16	4	9	20	15	5
9	7	10	4	9	2	14	32	19	13
9	12	13	3	20	5	16	35	23	12
11	22	13	8	10	7	21	60	40	20
9	22	20	4	23	8	24	68	52	16
24	24	31	10	33	19	41	96	55	41
37	80	66	22	70	23	88	269	183	86
174	259	229	66	230	90	295	890	559	331
4679	3928	8995	3928	8995	8995	12923	17214	8607	8607
