AC	AG	AT	CG	CT	GT	Symm	Asymm	Ts	Tv
7806	7806	7806	5288	5288	4482	13094	32248	16124	16124
95	237	200	120	363	203	320	678	478	200
35	75	68	24	117	55	92	223	161	62
12	44	34	11	46	30	45	116	89	27
8	20	24	10	26	12	34	53	41	12
8	17	9	4	18	7	13	50	32	18
5	17	11	3	21	4	14	49	37	12
3	10	8	2	13	5	10	29	22	7
1	4	5	2	14	5	7	19	14	5
5	14	7	2	13	4	9	25	17	8
3	10	2	3	7	2	5	28	22	6
4	5	5	6	12	3	11	18	12	6
3	6	4	1	3	3	5	26	19	7
5	8	9	1	10	4	10	32	22	10
5	10	8	3	12	4	11	33	23	10
6	4	12	5	20	7	17	35	25	10
11	12	13	3	15	10	16	48	30	18
20	24	22	10	21	4	32	82	50	32
28	40	31	8	45	15	39	144	86	58
57	85	56	33	86	27	89	314	202	112
198	289	226	94	241	105	320	1053	652	401
5288	4482	8318	4482	8318	8318	12800	19540	9770	9770
