AC	AG	AT	CG	CT	GT	Symm	Asymm	Ts	Tv
985	985	985	798	798	637	1783	4104	2052	2052
11	31	23	8	27	21	31	77	57	20
3	8	8	1	13	4	9	28	24	4
0	7	4	3	8	0	7	11	10	1
1	2	1	1	0	0	2	10	9	1
1	2	0	1	4	2	1	6	5	1
2	1	1	0	1	1	1	5	2	3
0	0	1	0	2	0	1	2	2	0
1	3	1	0	1	1	1	6	4	2
1	0	0	0	2	2	0	1	0	1
1	1	1	1	1	2	2	4	1	3
3	0	1	0	0	2	1	6	1	5
0	4	1	0	0	0	1	8	6	2
0	2	0	0	1	1	0	4	3	1
0	2	0	0	2	0	0	4	4	0
0	1	1	0	1	1	1	3	2	1
1	1	1	1	3	0	2	8	5	3
2	0	0	1	7	0	1	2	0	2
3	4	1	2	3	1	3	15	12	3
0	11	8	6	16	1	14	28	24	4
28	38	21	17	26	9	38	114	65	49
798	637	1067	637	1067	1067	1704	2870	1435	1435
