Chromosome	GCcontent	Spectra	gamma	ll1	ll0	LRTpval	gammaLB	gammaUB	beta_VB15	beta_CI1	beta_CI2	lambda	eqGC	theta_VB15	ObsGC	eqGC2
Autosome	GC1	GCchanging	0.335894933296619	-6285.10380112475	-6299.63048387166	7.04116733366005e-08	0.213449832488036	0.458543127667654	0.767569296628425	0.74501346130657	0.788729617954279	3.30235758655925	0.297602307553633	0.0169588901984368	0.309952106558249	0.37218680566489
Autosome	GC2	GCchanging	0.416516531707636	-6656.07275655932	-6679.69404124389	6.27233132747805e-12	0.297197652813658	0.535873126323619	0.758638489990326	0.73612231962037	0.779814570689119	3.14316267726333	0.325477217874643	0.017514713771215	0.337324588209865	0.422578700672859
Autosome	GC3	GCchanging	0.48369344690822	-6146.57647059632	-6176.28684884563	1.27319078220247e-14	0.359973855377287	0.607677268276304	0.758578386523203	0.735202717842847	0.780551839179363	3.14213121020381	0.340468336535325	0.0159925831576693	0.354253182201982	0.455737568493204
Autosome	GC4	GCchanging	0.478081850490086	-6812.0070181117	-6844.29553726488	9.2830884457321e-16	0.360779524371719	0.595587426614851	0.744660777664871	0.721724832352264	0.766354780579499	2.91635875935862	0.356117852212454	0.0173175861131421	0.368383723475291	0.471487930933968
Autosome	GC5	GCchanging	0.768921649751449	-7393.48804939868	-7482.80961545806	9.58706538627342e-41	0.65448011102086	0.884134514659158	0.776401820184046	0.755908661253387	0.79576497321692	3.47230832032313	0.383221232503181	0.0190112763002869	0.399407220974115	0.572736224229707
X	GC1	GCchanging	-0.123456449148857	-651.001366049048	-651.221373792348	0.507114980732902	-0.489626766536938	0.241345729474321	0.645275242861348	0.645275242861348	0.645275242861348	1.81908713692946	0.356606212642869	0.00600512788524567	0.356606212642869	0.326998659209045
X	GC2	GCchanging	0.60010137019817	-855.65116400494	-862.350598559915	0.00025177605109064	0.277400523695327	0.927956421601632	0.758983545520901	0.69517251507264	0.81381161774596	3.14909431043315	0.366557572151145	0.0188788155057724	0.37790253935811	0.513268846174968
X	GC3	GCchanging	0.728256080870096	-806.579615189864	-815.511296333665	2.3734678369795e-05	0.388048856438829	1.07536879246497	0.769914618756345	0.704250631677637	0.82562634610379	3.3462126737249	0.382352941176471	0.0171619138727269	0.390619752512336	0.56185231594905
X	GC4	GCchanging	0.639991663047984	-1167.84572749068	-1177.62471434372	9.75925502053664e-06	0.354715604629082	0.929812205817637	0.738394466003117	0.679693662194349	0.790420337252592	2.82254910560078	0.401877383396891	0.0228260279430018	0.418776384761565	0.560290941896169
X	GC5	GCchanging	0.997729230210803	-845.864335879997	-863.690334008856	2.35906017666623e-09	0.664236980881922	1.34012692241085	0.783458397602876	0.721606224592901	0.835941143914875	3.6180502449874	0.428443113772455	0.018353386946611	0.443191877115335	0.670295792795065
