AC	AG	AT	CG	CT	GT	Symm	Asymm	Ts	Tv
10345	10345	10345	5442	5442	4909	15787	41950	20975	20975
34	89	105	39	161	73	144	267	189	78
12	31	38	14	57	20	52	105	76	29
7	13	26	9	32	21	35	57	36	21
6	17	21	10	27	10	31	46	37	9
3	8	7	4	18	8	11	24	17	7
5	9	8	3	11	9	11	30	18	12
6	7	9	2	15	1	11	27	16	11
3	5	11	7	14	2	18	22	15	7
2	4	5	3	14	4	8	18	12	6
5	8	8	2	10	4	10	18	13	5
3	8	7	2	6	4	9	22	17	5
3	7	19	3	9	3	22	22	12	10
6	1	7	5	10	1	12	13	4	9
2	7	1	4	6	4	5	18	12	6
2	4	3	2	6	3	5	23	13	10
2	2	3	2	6	1	5	8	4	4
3	5	3	4	6	3	7	16	11	5
2	4	4	0	4	2	4	9	6	3
1	6	4	4	6	4	8	13	11	2
0	4	4	0	3	1	4	10	9	1
1	2	2	0	4	1	2	10	7	3
1	2	2	1	4	2	3	7	4	3
3	4	6	4	2	3	10	17	10	7
0	6	5	2	9	2	7	13	10	3
2	3	5	1	2	2	6	14	8	6
1	7	2	0	2	1	2	18	12	6
2	7	3	4	5	3	7	15	10	5
2	6	2	1	6	3	3	13	10	3
1	1	4	0	7	3	4	5	4	1
0	5	2	3	1	1	5	16	14	2
2	3	1	0	6	2	1	13	7	6
1	3	1	1	1	2	2	13	8	5
2	6	5	3	3	0	8	15	9	6
1	5	0	1	5	4	1	10	8	2
1	4	0	1	3	1	1	14	9	5
5	7	1	2	3	4	3	15	10	5
1	5	3	1	5	4	4	9	6	3
0	2	4	2	4	4	6	10	8	2
5	2	1	2	9	2	3	9	3	6
1	0	2	0	3	0	2	11	7	4
2	0	4	2	4	1	6	11	6	5
3	6	7	0	3	3	7	17	11	6
2	4	9	1	5	5	10	9	6	3
2	4	6	1	5	4	7	10	6	4
3	7	4	2	4	3	6	21	16	5
3	7	1	1	6	4	2	15	9	6
5	7	5	1	2	2	6	18	11	7
1	4	3	1	5	2	4	10	8	2
1	4	2	0	5	1	2	9	7	2
2	9	8	2	5	1	10	21	15	6
3	3	2	1	2	1	3	12	7	5
4	8	9	1	6	2	10	21	14	7
3	5	2	1	2	2	3	15	11	4
4	2	5	2	9	8	7	15	8	7
1	4	4	1	5	4	5	15	10	5
3	4	5	1	3	3	6	18	14	4
1	15	2	2	5	7	4	28	24	4
7	11	5	2	9	2	7	28	17	11
4	9	4	2	5	0	6	27	19	8
3	10	8	5	8	4	13	31	24	7
5	11	9	2	10	4	11	32	25	7
6	11	8	2	9	5	10	33	26	7
7	8	9	6	9	7	15	35	19	16
9	17	16	7	9	4	23	52	35	17
10	22	15	5	20	3	20	69	49	20
22	29	14	9	23	14	23	104	61	43
37	56	34	16	45	17	50	170	113	57
82	133	81	37	100	44	118	449	294	155
5442	4909	10630	4909	10630	10630	15539	20702	10351	10351
