AC	AG	AT	CG	CT	GT	Symm	Asymm	Ts	Tv
1277	1277	1277	926	926	796	2203	5372	2686	2686
6	12	9	4	30	8	13	33	24	9
2	5	6	3	5	5	9	14	8	6
0	1	2	0	2	2	2	3	2	1
0	4	2	1	2	1	3	9	7	2
1	0	1	0	2	1	1	5	3	2
1	1	1	0	3	0	1	2	1	1
0	1	1	0	1	0	1	3	3	0
1	2	0	0	1	1	0	6	4	2
1	1	1	0	0	0	1	5	3	2
0	0	0	0	0	0	0	0	0	0
0	0	3	0	1	0	3	0	0	0
0	0	0	0	0	1	0	1	1	0
0	0	0	0	1	0	0	1	1	0
0	0	0	0	2	0	0	1	1	0
0	0	0	0	0	0	0	0	0	0
0	0	0	0	0	1	0	1	1	0
1	0	0	0	2	0	0	1	0	1
0	0	0	0	0	1	0	0	0	0
0	0	0	0	0	0	0	1	1	0
0	1	1	0	0	0	1	1	1	0
0	1	0	0	0	0	0	1	1	0
0	0	0	0	0	0	0	0	0	0
0	0	0	0	0	0	0	0	0	0
0	0	1	0	1	0	1	1	1	0
1	0	1	0	0	0	1	1	0	1
0	1	0	1	0	3	1	3	2	1
0	2	0	0	0	0	0	2	2	0
2	1	1	0	3	1	1	3	1	2
0	0	0	0	0	0	0	2	2	0
0	0	0	0	0	0	0	0	0	0
1	0	0	0	0	0	0	1	0	1
1	0	0	0	1	0	0	2	0	2
0	0	0	0	0	0	0	0	0	0
0	0	0	0	0	0	0	0	0	0
0	0	1	0	0	0	1	0	0	0
0	0	0	0	0	0	0	0	0	0
0	0	0	0	0	1	0	1	1	0
0	0	0	0	0	0	0	0	0	0
0	0	1	0	0	0	1	0	0	0
1	1	0	0	2	0	0	2	1	1
1	1	0	0	0	0	0	6	4	2
0	1	0	0	0	0	0	1	1	0
0	1	1	0	1	1	1	4	1	3
0	0	0	0	0	0	0	0	0	0
0	0	1	0	1	0	1	1	1	0
1	0	0	0	0	0	0	1	0	1
0	1	0	0	0	0	0	1	1	0
0	0	0	0	0	0	0	0	0	0
0	1	0	0	0	0	0	1	1	0
0	1	0	0	1	0	0	1	1	0
1	3	0	0	0	0	0	5	3	2
0	1	1	0	0	0	1	3	3	0
1	1	0	0	1	0	0	3	1	2
0	1	0	0	0	0	0	1	1	0
1	0	0	0	1	0	0	3	2	1
1	0	1	0	1	0	1	2	1	1
0	0	1	0	1	0	1	1	0	1
1	0	0	0	0	0	0	2	1	1
0	0	0	0	0	0	0	0	0	0
1	3	0	1	2	1	1	4	3	1
2	3	0	1	2	1	1	7	4	3
3	4	2	0	2	0	2	8	5	3
1	3	1	0	0	0	1	7	6	1
2	1	3	0	3	1	3	6	3	3
0	1	0	2	3	2	2	4	3	1
0	7	1	0	1	1	1	11	9	2
2	9	3	0	3	4	3	21	14	7
10	15	11	1	12	3	12	63	45	18
926	796	1409	796	1409	1409	2205	3444	1722	1722
