AC	AG	AT	CG	CT	GT	Symm	Asymm	Ts	Tv
1146	1146	1146	651	651	606	1797	4594	2297	2297
6	16	9	5	14	7	14	42	30	12
0	2	1	4	11	4	5	10	8	2
3	2	2	1	5	0	3	10	5	5
0	2	2	0	2	1	2	4	2	2
1	0	0	0	4	0	0	4	3	1
1	0	1	0	1	0	1	6	1	5
0	3	1	0	3	2	1	5	4	1
0	1	2	0	1	0	2	1	1	0
0	1	0	0	1	0	0	3	2	1
0	0	0	0	2	0	0	0	0	0
0	0	0	0	1	1	0	1	1	0
1	1	0	0	2	0	0	3	1	2
0	0	2	1	1	0	3	4	1	3
0	0	0	0	1	0	0	0	0	0
0	1	0	0	2	0	0	1	1	0
0	1	0	0	0	0	0	2	2	0
0	1	2	0	0	1	2	3	3	0
0	1	0	0	0	0	0	2	1	1
0	1	0	0	0	0	0	1	1	0
1	1	0	1	1	0	1	2	1	1
0	0	0	0	0	0	0	1	1	0
0	0	0	0	1	0	0	0	0	0
1	0	0	0	0	0	0	1	0	1
0	0	1	0	0	0	1	0	0	0
0	0	1	0	1	0	1	0	0	0
0	1	0	0	0	0	0	2	2	0
0	0	0	0	1	0	0	1	1	0
0	0	0	0	0	1	0	1	1	0
0	0	0	0	1	0	0	1	1	0
0	0	0	0	0	0	0	1	1	0
0	0	0	0	1	0	0	0	0	0
0	0	0	0	1	0	0	0	0	0
0	3	0	0	1	0	0	3	3	0
0	0	0	0	1	0	0	0	0	0
0	0	0	0	0	0	0	1	1	0
0	0	1	0	0	0	1	1	1	0
0	0	0	0	0	0	0	1	1	0
0	0	2	0	0	0	2	1	1	0
0	0	1	0	1	0	1	0	0	0
0	1	2	1	1	0	3	2	2	0
0	0	1	0	1	0	1	1	0	1
0	0	0	0	1	0	0	1	1	0
1	0	1	0	1	0	1	1	0	1
1	0	0	0	0	0	0	2	1	1
0	0	0	0	0	0	0	0	0	0
0	1	0	0	0	0	0	1	1	0
0	1	0	0	0	0	0	2	2	0
0	0	0	0	1	0	0	0	0	0
1	0	0	0	0	0	0	2	1	1
0	0	0	1	0	0	1	0	0	0
0	1	0	0	0	1	0	1	1	0
0	0	0	0	2	0	0	1	0	1
0	1	0	0	1	0	0	1	1	0
0	0	0	1	0	0	1	2	2	0
0	0	0	0	0	0	0	1	1	0
0	0	1	0	1	3	1	1	1	0
0	1	4	0	0	1	4	3	3	0
1	4	2	0	1	0	2	7	5	2
0	0	0	0	0	0	0	2	2	0
1	0	0	2	1	1	2	2	1	1
0	3	2	0	0	0	2	4	4	0
0	3	0	1	1	1	1	8	6	2
2	1	1	1	1	4	2	4	2	2
0	2	4	1	3	0	5	6	6	0
1	6	2	1	0	2	3	10	8	2
5	2	2	0	3	2	2	12	7	5
4	7	3	1	6	2	4	26	18	8
16	23	11	6	14	6	17	60	37	23
651	606	1151	606	1151	1151	1757	2514	1257	1257
