AC	AG	AT	CG	CT	GT	Symm	Asymm	Ts	Tv
10326	10326	10326	5407	5407	4652	15733	41450	20725	20725
55	143	100	58	179	80	158	368	258	110
20	35	40	18	70	33	58	128	92	36
14	20	15	10	44	24	25	72	48	24
5	11	19	8	34	17	27	42	32	10
4	16	18	3	28	17	21	49	34	15
6	13	8	4	28	7	12	39	27	12
7	13	8	6	22	8	14	29	21	8
7	8	12	8	28	9	20	30	18	12
4	9	8	3	12	6	11	25	20	5
2	4	6	4	13	4	10	13	8	5
5	12	9	1	10	4	10	30	21	9
5	6	9	1	14	4	10	27	17	10
4	8	8	1	15	5	9	14	9	5
3	4	10	4	6	1	14	17	12	5
4	6	7	1	9	1	8	25	17	8
2	7	4	1	10	1	5	16	13	3
2	7	3	0	11	6	3	16	12	4
2	4	4	1	15	1	5	13	8	5
4	7	5	3	7	3	8	18	13	5
1	5	3	0	12	6	3	16	13	3
3	5	9	1	9	1	10	19	14	5
1	6	4	3	12	2	7	13	10	3
2	5	3	1	2	2	4	18	13	5
1	6	4	1	8	2	5	14	9	5
1	5	3	2	2	2	5	15	11	4
4	1	7	4	2	3	11	15	8	7
2	1	5	1	3	2	6	9	5	4
2	2	3	2	2	0	5	9	6	3
3	4	6	2	4	2	8	8	5	3
8	7	4	2	5	1	6	21	11	10
4	3	5	0	3	0	5	15	9	6
4	3	6	1	2	7	7	16	11	5
1	5	4	0	4	1	4	9	7	2
3	2	4	0	4	0	4	9	5	4
0	3	4	1	3	1	5	7	7	0
1	5	5	1	2	1	6	11	9	2
1	3	2	1	8	1	3	13	5	8
2	7	2	2	6	2	4	12	10	2
3	5	3	0	4	2	3	14	10	4
3	0	3	2	1	0	5	9	4	5
0	3	2	1	4	1	3	5	5	0
2	5	4	0	4	2	4	12	8	4
4	7	5	1	7	3	6	16	9	7
2	6	1	3	6	3	4	12	8	4
5	10	3	0	3	4	3	25	18	7
2	5	9	3	8	3	12	11	7	4
1	8	9	3	4	2	12	23	20	3
3	6	8	1	9	2	9	19	15	4
7	7	6	1	8	2	7	32	19	13
3	8	1	5	6	1	6	21	15	6
4	5	2	1	4	3	3	25	20	5
1	11	8	5	5	2	13	29	22	7
3	8	2	1	6	1	3	22	18	4
4	13	7	4	11	4	11	27	22	5
9	9	6	0	8	2	6	25	15	10
1	9	8	2	1	1	10	30	24	6
4	13	9	2	11	5	11	35	27	8
4	11	7	4	9	4	11	29	21	8
3	13	14	4	4	3	18	33	26	7
9	13	6	4	11	1	10	40	25	15
8	13	15	5	10	5	20	58	41	17
9	17	11	3	8	1	14	56	39	17
9	15	12	6	14	6	18	59	43	16
12	11	17	2	18	11	19	68	39	29
17	34	17	11	21	5	28	102	68	34
21	26	28	11	28	10	39	115	70	45
38	60	40	21	57	16	61	201	130	71
91	146	103	34	115	55	137	496	325	171
5407	4652	10399	4652	10399	10399	15051	20118	10059	10059
