AC	AG	AT	CG	CT	GT	Symm	Asymm	Ts	Tv
10480	10480	10480	6084	6084	5262	16564	43032	21516	21516
21	49	42	15	84	43	57	145	95	50
7	19	23	8	28	12	31	62	42	20
6	18	18	6	17	12	24	41	32	9
5	6	5	4	15	9	9	23	13	10
4	5	7	1	13	6	8	26	20	6
1	9	2	1	11	5	3	23	17	6
4	7	4	1	7	2	5	17	10	7
2	6	3	0	10	2	3	16	13	3
3	2	3	1	6	2	4	14	8	6
0	3	4	1	4	0	5	8	7	1
1	0	1	0	5	4	1	7	6	1
1	2	2	1	4	2	3	10	6	4
1	2	2	0	1	0	2	5	2	3
1	1	4	0	6	1	4	5	2	3
4	1	4	0	2	1	4	8	2	6
1	3	1	0	2	0	1	9	6	3
0	3	2	2	2	2	4	7	6	1
2	5	3	0	6	0	3	11	8	3
0	2	1	0	0	1	1	3	2	1
0	2	4	0	2	1	4	3	3	0
0	1	4	0	3	0	4	3	2	1
2	1	4	0	1	1	4	8	6	2
0	2	0	2	5	1	2	4	3	1
1	4	0	1	0	0	1	7	5	2
1	2	0	0	1	0	0	6	4	2
1	2	0	0	2	0	0	3	2	1
0	1	2	0	4	0	2	7	6	1
0	2	2	2	1	1	4	5	3	2
0	1	0	1	3	1	1	4	2	2
1	4	1	0	4	1	1	7	6	1
0	1	0	0	2	0	0	5	4	1
0	1	3	1	1	0	4	3	2	1
1	1	0	3	2	0	3	4	3	1
0	0	1	0	0	3	1	4	3	1
1	2	2	1	3	1	3	6	2	4
1	2	4	0	2	0	4	5	4	1
1	4	1	0	1	1	1	6	5	1
2	2	3	1	3	1	4	6	4	2
0	4	1	1	2	0	2	9	8	1
0	1	1	1	1	2	2	5	4	1
0	1	2	0	1	2	2	3	2	1
0	2	2	1	5	1	3	6	6	0
0	2	1	0	0	0	1	4	4	0
1	0	0	0	2	1	0	2	1	1
1	0	1	1	1	1	2	1	0	1
3	3	1	1	1	1	2	12	8	4
1	3	0	0	5	0	0	6	4	2
1	1	2	2	1	1	4	5	4	1
0	8	2	0	1	0	2	11	10	1
0	1	2	1	0	1	3	2	1	1
5	4	5	0	3	1	5	15	10	5
0	1	1	1	3	1	2	5	3	2
1	3	4	1	3	2	5	6	5	1
2	4	1	1	1	2	2	9	6	3
3	3	3	1	1	2	4	13	9	4
1	7	5	0	0	2	5	9	8	1
1	5	2	0	4	3	2	12	9	3
2	4	2	0	6	0	2	15	9	6
1	3	2	0	4	1	2	8	7	1
1	6	4	1	6	3	5	15	12	3
1	8	3	2	7	1	5	21	18	3
3	10	2	0	3	3	2	22	17	5
3	11	10	2	8	5	12	30	22	8
5	11	12	3	15	2	15	35	24	11
5	13	8	3	7	5	11	42	28	14
13	20	10	7	14	3	17	62	37	25
21	27	25	7	23	13	32	88	55	33
36	76	55	18	46	29	73	239	160	79
6084	5262	11036	5262	11036	11036	16298	22692	11346	11346
