AC	AG	AT	CG	CT	GT	Symm	Asymm	Ts	Tv
1116	1116	1116	772	772	609	1888	4514	2257	2257
15	23	15	11	32	12	26	55	34	21
3	3	2	3	8	3	5	13	10	3
1	5	2	1	3	3	3	11	8	3
1	2	3	1	3	2	4	6	2	4
2	4	1	1	3	3	2	9	7	2
1	0	3	0	3	0	3	4	3	1
2	1	1	0	5	0	1	4	1	3
0	2	2	1	5	1	3	6	4	2
0	1	1	0	1	1	1	1	1	0
1	0	0	0	1	0	0	2	1	1
0	0	1	1	4	0	2	1	1	0
0	3	1	0	3	1	1	3	3	0
0	1	0	0	0	0	0	1	1	0
0	1	1	0	3	0	1	2	2	0
0	1	1	0	1	0	1	2	2	0
1	1	1	0	0	0	1	4	2	2
0	0	0	0	0	0	0	0	0	0
2	2	2	0	1	0	2	4	2	2
1	0	1	0	2	0	1	3	1	2
0	0	1	0	0	0	1	0	0	0
0	2	0	0	1	0	0	3	3	0
0	0	1	0	2	0	1	0	0	0
0	0	0	0	1	1	0	1	0	1
0	2	1	1	2	0	2	4	4	0
0	1	0	0	2	0	0	2	2	0
0	1	0	0	0	0	0	3	3	0
0	0	0	0	0	0	0	0	0	0
0	0	0	0	1	0	0	1	0	1
0	0	0	1	0	1	1	1	0	1
0	0	1	0	2	0	1	1	1	0
0	0	0	3	2	0	3	1	1	0
0	0	2	0	2	0	2	0	0	0
0	2	0	1	1	0	1	3	2	1
0	1	0	0	0	0	0	3	3	0
0	0	2	0	2	0	2	0	0	0
0	0	2	1	0	1	3	1	1	0
0	0	1	0	0	0	1	2	2	0
0	0	0	0	1	0	0	2	2	0
1	2	1	0	1	0	1	5	4	1
0	0	0	0	0	1	0	1	0	1
0	0	0	0	0	1	0	1	1	0
0	1	0	0	0	0	0	1	1	0
0	1	0	0	2	0	0	1	1	0
1	2	0	0	1	0	0	5	4	1
1	1	0	0	2	0	0	4	3	1
0	0	0	0	0	1	0	2	1	1
0	0	1	0	0	0	1	2	2	0
0	0	0	1	1	0	1	1	1	0
0	2	1	0	0	0	1	2	2	0
0	1	0	0	1	1	0	3	3	0
1	0	0	0	0	0	0	2	1	1
0	0	0	1	0	0	1	0	0	0
1	1	0	0	1	1	0	2	1	1
0	1	0	0	1	0	0	2	2	0
1	0	0	0	1	0	0	4	3	1
0	1	1	0	0	0	1	1	1	0
0	0	1	1	0	0	2	4	3	1
0	3	1	0	1	0	1	7	7	0
0	0	0	0	1	0	0	1	1	0
0	0	0	2	0	0	2	2	1	1
5	0	1	0	2	2	1	11	5	6
0	4	1	0	0	1	1	9	9	0
0	0	1	0	3	0	1	3	3	0
1	3	3	0	3	0	3	10	6	4
2	4	2	1	0	3	3	11	7	4
1	4	2	2	3	2	4	11	7	4
3	8	6	4	7	0	10	22	16	6
13	15	11	4	11	6	15	72	47	25
772	609	1141	609	1141	1141	1750	2762	1381	1381
