AC	AG	AT	CG	CT	GT	Symm	Asymm	Ts	Tv
1058	1058	1058	767	767	633	1825	4372	2186	2186
3	18	12	7	26	7	19	45	36	9
3	4	4	5	9	5	9	17	14	3
1	4	1	2	7	1	3	10	7	3
0	3	0	0	4	3	0	5	3	2
1	1	3	0	6	3	3	3	1	2
0	3	2	0	4	1	2	4	4	0
0	5	1	1	2	2	2	7	5	2
0	2	1	1	1	0	2	5	5	0
0	1	1	1	3	0	2	2	2	0
1	0	0	0	3	2	0	2	1	1
2	0	0	2	1	0	2	2	0	2
0	0	1	0	1	2	1	1	0	1
0	0	2	0	2	0	2	0	0	0
1	1	1	1	1	0	2	4	3	1
0	0	1	0	1	1	1	1	1	0
1	1	0	0	0	1	0	6	4	2
0	1	0	0	0	0	0	3	3	0
0	0	0	1	1	2	1	0	0	0
0	0	0	0	0	2	0	0	0	0
0	0	0	0	1	1	0	1	1	0
1	1	0	1	2	0	1	2	1	1
0	0	1	0	0	0	1	0	0	0
0	0	0	1	0	0	1	3	2	1
1	1	0	0	0	1	0	3	2	1
0	1	0	0	0	0	0	1	1	0
1	1	1	0	0	0	1	2	1	1
0	0	0	0	2	1	0	1	0	1
0	1	1	0	1	0	1	1	1	0
0	0	0	0	0	0	0	2	1	1
0	0	1	0	0	0	1	1	1	0
0	0	0	0	1	0	0	1	1	0
0	1	0	2	0	0	2	3	1	2
0	1	1	0	0	0	1	2	2	0
1	0	1	0	0	0	1	3	1	2
0	1	0	0	1	1	0	1	1	0
0	0	0	1	1	0	1	0	0	0
0	1	0	0	0	2	0	1	1	0
0	0	0	0	1	0	0	1	1	0
1	0	0	1	1	0	1	1	0	1
1	0	1	0	1	1	1	1	0	1
0	0	0	1	0	0	1	1	1	0
0	0	0	1	0	1	1	3	2	1
0	0	0	0	0	0	0	0	0	0
0	2	0	0	0	0	0	2	2	0
0	0	1	1	1	0	2	1	0	1
0	0	0	0	2	1	0	0	0	0
1	0	0	0	0	0	0	1	0	1
1	1	0	0	0	0	0	4	3	1
1	0	1	0	1	0	1	3	1	2
0	0	1	1	0	0	2	2	0	2
0	0	0	0	0	0	0	3	1	2
0	1	0	0	2	0	0	1	1	0
1	1	1	0	3	1	1	3	1	2
1	0	1	0	1	0	1	3	1	2
0	0	0	0	2	0	0	1	1	0
0	1	0	0	0	0	0	3	3	0
0	0	0	0	0	1	0	3	1	2
0	1	3	0	0	0	3	2	2	0
1	0	2	0	1	0	2	6	3	3
1	2	2	0	1	0	2	6	5	1
0	0	1	1	3	0	2	1	1	0
0	2	0	1	0	2	1	6	4	2
2	4	1	2	1	0	3	11	8	3
2	5	2	1	0	1	3	16	11	5
2	4	2	1	0	2	3	13	8	5
0	6	1	2	3	2	3	14	13	1
4	6	8	0	10	0	8	24	15	9
10	40	14	2	18	6	16	83	66	17
767	633	1128	633	1128	1128	1761	2800	1400	1400
