AC	AG	AT	CG	CT	GT	Symm	Asymm	Ts	Tv
10077	10077	10077	5029	5029	4424	15106	40656	20328	20328
45	136	120	59	175	87	179	358	258	100
18	44	53	18	82	36	71	121	82	39
16	30	25	6	48	15	31	96	64	32
14	20	14	13	23	11	27	64	40	24
6	19	15	3	30	9	18	59	41	18
8	9	9	3	22	6	12	36	21	15
4	12	12	3	15	6	15	29	21	8
7	10	8	4	13	10	12	37	22	15
5	8	5	3	12	2	8	33	21	12
10	13	9	2	15	2	11	39	24	15
8	5	10	2	9	6	12	30	17	13
0	7	8	3	10	4	11	12	11	1
2	8	9	1	9	3	10	22	17	5
4	6	6	2	18	4	8	26	18	8
2	11	3	2	7	9	5	22	18	4
4	7	6	1	15	2	7	29	19	10
1	6	6	1	9	4	7	16	11	5
2	3	6	1	7	3	7	17	13	4
1	11	6	1	8	2	7	21	14	7
4	6	4	3	7	10	7	20	13	7
3	4	7	3	6	0	10	12	8	4
2	5	6	1	7	1	7	18	11	7
2	1	2	0	7	3	2	8	4	4
1	9	5	1	10	1	6	17	16	1
3	5	8	3	5	1	11	14	10	4
4	8	5	0	4	3	5	17	11	6
5	4	5	2	6	1	7	13	5	8
3	4	2	1	3	2	3	9	5	4
4	1	4	1	5	6	5	10	3	7
3	4	1	3	4	5	4	18	11	7
4	3	4	0	6	6	4	16	9	7
2	3	6	2	8	0	8	11	7	4
2	4	8	1	9	3	9	11	6	5
2	5	1	1	6	1	2	11	8	3
1	3	6	1	3	1	7	11	9	2
2	10	7	1	2	3	8	24	19	5
3	1	8	1	4	2	9	12	9	3
1	4	5	1	6	3	6	17	10	7
1	5	6	1	7	4	7	15	9	6
3	7	6	4	2	3	10	21	12	9
0	9	1	3	1	1	4	14	12	2
2	6	4	0	1	3	4	15	12	3
3	8	5	0	3	2	5	18	12	6
4	2	5	0	5	1	5	12	7	5
1	5	7	2	7	0	9	17	15	2
3	9	4	2	3	2	6	22	16	6
3	4	3	3	6	5	6	15	11	4
0	7	6	2	4	1	8	13	13	0
6	6	5	0	7	3	5	29	13	16
2	4	10	0	3	6	10	16	12	4
5	9	5	0	10	2	5	24	16	8
7	7	7	1	5	4	8	27	16	11
1	5	4	1	12	6	5	23	20	3
5	13	11	1	7	2	12	34	20	14
5	18	8	3	12	4	11	45	36	9
8	13	5	2	9	3	7	33	22	11
6	12	9	1	4	1	10	32	22	10
4	10	7	3	12	5	10	29	19	10
4	12	10	1	11	5	11	33	27	6
5	11	9	4	13	7	13	30	23	7
7	10	14	4	12	8	18	40	23	17
7	13	15	2	9	4	17	41	28	13
9	13	14	7	12	7	21	50	35	15
16	14	17	7	22	12	24	69	44	25
20	31	23	14	20	10	37	85	54	31
18	42	19	5	34	16	24	123	90	33
39	56	50	22	38	21	72	213	138	75
117	168	130	39	122	55	169	547	343	204
5029	4424	10251	4424	10251	10251	14675	18906	9453	9453
