Chromosome	GCcontent	Spectra	gamma	ll1	ll0	LRTpval	gammaLB	gammaUB	beta_VB15	beta_CI1	beta_CI2	lambda	eqGC	theta_VB15	ObsGC	eqGC2
Autosome	GC1	GCchanging	0.243171172877717	-5943.04682370678	-5951.59673079338	3.54657748701069e-05	0.127767256461971	0.358476383435061	0.749643962475996	0.727368152116348	0.770656087041877	2.99431150089248	0.298690129663932	0.0285106691420005	0.315805596143447	0.351974349711034
Autosome	GC3	GCchanging	0.551180996076582	-6476.97142561585	-6525.07880883276	1.03073257926546e-22	0.440392241307184	0.662277475486388	0.783461434795855	0.76407724036897	0.801715296161157	3.61811501825198	0.324148380007326	0.0322005997478612	0.344436835559777	0.454230688930917
Autosome	GC2	GCchanging	0.393925248851185	-6561.28014221336	-6586.27074967293	1.55224945157802e-12	0.284417533360557	0.503567044233491	0.741421319525551	0.719878963719014	0.761879366107777	2.86729485263505	0.340864570536871	0.0303920342187464	0.361838619851401	0.43400761905241
Autosome	GC4	GCchanging	0.546009158522208	-7155.45801771632	-7207.45389942029	2.03158866945397e-24	0.440486895439856	0.651834519339694	0.756462780223429	0.736501051246531	0.7754262833661	3.10614854237654	0.357237517808038	0.0330765716867581	0.377642755999994	0.489660166599063
Autosome	GC5	GCchanging	0.630958545859144	-7186.99251818071	-7257.21378980912	2.13030023284442e-32	0.525825485676543	0.736477654224159	0.748183172532096	0.727864108264368	0.767538673104434	2.97114049150451	0.387463391906283	0.0326415643074246	0.409903574570542	0.543135308527146
X	GC1	GCchanging	0.48193136430742	-500.274381843407	-503.206965013984	0.0154433993196389	0.0916149682373652	0.876878268459801	0.631599278908061	0.631599278908061	0.631599278908061	1.71443551205872	0.375225341231007	0.00776662996984228	0.375225341231007	0.485715759309996
X	GC2	GCchanging	0.319864061332496	-662.916839202725	-664.623905909284	0.0646403441253787	-0.0193861154774713	0.661430763416828	0.616306027820711	0.616306027820711	0.616306027820711	1.60624370594159	0.38576036556683	0.0102030402510889	0.38576036556683	0.461567386989875
X	GC3	GCchanging	0.248623170749195	-814.255205254482	-815.473589428579	0.118520172573817	-0.0634535947170722	0.562319887101837	0.595066803699897	0.595066803699897	0.595066803699897	1.46954314720812	0.415233030966531	0.0119979408571684	0.415233030966531	0.465970588576148
X	GC4	GCchanging	0.410434898415966	-821.013204774768	-824.376152865972	0.00950229741767058	0.100046108564709	0.723424633248043	0.677537137161829	0.60637205788685	0.741823163069514	2.10113230155701	0.417743979721166	0.0258749094115246	0.42717804595801	0.519588320864938
X	GC5	GCchanging	0.507563326694682	-899.635606929079	-905.371913477789	0.0007062930112022	0.213276288694204	0.8047746140207	0.665309523613756	0.596946741231473	0.727952183078484	1.98783524048042	0.455249343832021	0.029280079791495	0.46509186351706	0.581292241653138
