AC	AG	AT	CG	CT	GT	Symm	Asymm	Ts	Tv
3613	3613	3613	2327	2327	1969	5940	14686	7343	7343
30	62	40	22	85	31	62	160	110	50
8	9	11	15	29	16	26	45	31	14
5	10	6	4	15	5	10	29	19	10
1	10	7	2	8	5	9	20	11	9
4	5	4	1	15	7	5	19	14	5
3	3	6	0	11	0	6	15	8	7
2	10	4	0	11	4	4	17	11	6
1	6	5	2	8	1	7	15	11	4
1	4	2	1	5	1	3	9	7	2
2	0	0	0	6	2	0	4	2	2
2	0	4	3	7	1	7	4	2	2
1	3	2	0	6	3	2	6	3	3
0	1	4	1	4	0	5	6	3	3
1	2	2	1	7	0	3	6	5	1
0	2	2	0	4	0	2	4	4	0
2	3	1	0	0	1	1	13	9	4
1	2	2	0	0	1	2	7	6	1
2	3	2	1	2	3	3	6	3	3
1	1	1	0	2	2	1	5	3	2
1	2	2	1	2	1	3	4	3	1
1	3	0	1	3	0	1	6	5	1
0	0	2	0	3	0	2	0	0	0
1	0	0	1	1	1	1	4	1	3
1	3	3	1	3	1	4	8	7	1
1	2	2	0	3	0	2	4	3	1
1	4	1	1	0	2	2	9	7	2
0	1	0	0	3	1	0	2	2	0
1	2	2	0	5	2	2	5	3	2
0	0	0	1	1	1	1	4	2	2
0	0	2	0	2	0	2	3	3	0
0	0	0	3	4	0	3	2	2	0
1	1	2	2	4	0	4	5	1	4
0	6	1	1	2	0	2	8	7	1
1	1	1	0	1	0	1	5	4	1
0	1	3	0	3	0	3	2	2	0
0	0	3	2	1	1	5	2	2	0
0	1	1	0	0	3	1	5	5	0
0	0	2	0	2	0	2	4	4	0
2	2	3	1	3	0	4	6	4	2
2	1	2	1	2	2	3	5	2	3
1	1	1	1	1	1	2	9	6	3
0	2	0	1	1	0	1	6	5	1
1	2	2	0	3	1	2	5	2	3
2	4	0	0	1	0	0	9	7	2
1	1	2	1	4	0	3	6	4	2
1	1	0	0	1	2	0	4	2	2
1	1	1	0	0	0	1	5	4	1
1	1	0	1	2	0	1	5	4	1
2	2	2	0	1	0	2	7	4	3
0	2	1	2	2	1	3	6	4	2
1	3	0	0	0	1	0	9	5	4
0	2	1	1	4	0	2	3	2	1
3	4	1	0	6	2	1	8	4	4
1	1	1	1	2	0	2	6	5	1
2	0	0	0	3	0	0	9	7	2
0	2	3	0	2	3	3	6	6	0
0	1	6	1	0	2	7	10	7	3
1	8	6	0	2	0	6	17	15	2
1	0	2	0	2	0	2	9	6	3
3	3	2	4	3	1	6	12	8	4
6	3	4	2	5	3	6	18	11	7
3	10	2	2	1	4	4	28	21	7
3	6	4	3	5	4	7	20	17	3
4	10	9	2	9	1	11	36	25	11
4	15	6	3	1	8	9	32	23	9
6	16	5	4	9	5	9	42	31	11
11	27	19	5	22	6	24	83	56	27
40	82	40	12	48	20	52	238	167	71
2327	1969	3730	1969	3730	3730	5699	8592	4296	4296
