AC	AG	AT	CG	CT	GT	Symm	Asymm	Ts	Tv
12674	12674	12674	7617	7617	6679	20291	52082	26041	26041
17	54	57	22	112	48	79	158	108	50
7	19	31	10	51	18	41	67	47	20
9	15	14	6	29	15	20	44	29	15
5	7	6	3	19	13	9	32	22	10
4	11	8	3	13	5	11	36	28	8
1	7	7	1	16	7	8	21	12	9
5	3	5	2	6	3	7	15	7	8
4	3	4	3	9	2	7	14	7	7
2	3	2	1	5	3	3	12	7	5
3	3	3	1	6	2	4	13	8	5
0	2	1	1	4	5	2	8	6	2
0	4	6	1	3	1	7	12	10	2
1	2	2	0	4	0	2	5	2	3
0	1	3	4	7	1	7	3	2	1
6	3	4	0	1	2	4	17	7	10
0	3	2	1	5	0	3	6	4	2
1	4	2	2	2	5	4	8	7	1
1	1	1	0	3	0	1	4	3	1
1	1	1	0	2	1	1	5	3	2
2	4	4	0	2	1	4	7	5	2
0	1	5	1	2	0	6	6	5	1
3	2	1	0	2	0	1	9	6	3
2	4	1	3	3	2	4	9	6	3
1	3	1	1	5	0	2	8	5	3
1	2	0	3	1	2	3	7	4	3
2	3	1	0	1	0	1	10	6	4
0	3	2	1	4	0	3	8	7	1
0	2	1	3	2	2	4	6	4	2
1	1	0	0	2	1	0	5	3	2
0	5	0	0	3	0	0	9	9	0
2	1	0	0	4	2	0	8	4	4
0	0	3	2	0	0	5	4	2	2
1	1	0	2	3	0	2	6	4	2
2	1	0	0	1	3	0	7	3	4
1	1	0	0	2	2	0	6	2	4
5	1	2	0	3	1	2	9	4	5
1	2	1	0	2	2	1	3	2	1
0	1	1	1	3	2	2	7	5	2
2	3	1	1	4	0	2	8	6	2
0	1	3	1	2	1	4	4	3	1
0	0	3	1	2	2	4	4	2	2
0	4	5	1	4	1	6	8	8	0
0	2	3	0	3	2	3	3	3	0
1	0	1	0	2	2	1	4	1	3
2	5	2	0	2	2	2	12	10	2
3	5	1	1	2	1	2	13	8	5
3	5	3	0	4	0	3	10	7	3
0	1	3	2	4	1	5	3	3	0
1	7	0	0	1	0	0	11	9	2
3	1	4	1	2	1	5	7	3	4
2	4	4	0	2	0	4	9	7	2
0	4	3	1	3	0	4	11	6	5
3	6	4	2	1	2	6	14	11	3
1	1	3	0	4	4	3	5	2	3
1	3	1	1	1	1	2	12	10	2
1	3	5	0	0	2	5	8	7	1
2	8	4	0	6	2	4	14	11	3
2	6	1	1	4	2	2	17	10	7
1	3	2	0	5	2	2	12	9	3
1	4	2	3	4	3	5	13	9	4
2	7	3	4	4	3	7	20	16	4
4	9	4	2	4	3	6	22	15	7
4	12	10	4	5	8	14	39	28	11
6	14	14	5	17	4	19	38	27	11
5	16	10	3	15	5	13	53	35	18
17	25	13	10	14	6	23	86	54	32
21	29	21	13	28	13	34	119	80	39
45	87	51	23	54	33	74	292	199	93
7617	6679	13367	6679	13367	13367	20046	28592	14296	14296
