AC	AG	AT	CG	CT	GT	Symm	Asymm	Ts	Tv
28554	28554	28554	14345	14345	12568	42899	115006	57503	57503
138	363	310	149	487	235	459	980	692	288
50	110	123	48	186	83	171	349	245	104
34	66	70	25	112	57	95	222	151	71
25	47	53	32	80	34	85	143	100	43
13	37	39	8	76	35	47	122	84	38
19	33	20	10	56	20	30	107	71	36
16	36	28	10	53	14	38	87	61	26
15	26	30	16	56	21	46	91	61	30
12	20	19	9	39	11	28	78	54	24
14	25	24	8	36	8	32	65	44	21
17	23	26	4	26	13	30	81	55	26
9	18	32	7	34	12	39	59	36	23
12	17	24	7	31	9	31	49	30	19
10	17	18	6	29	9	24	63	42	21
6	19	13	5	23	12	18	61	43	18
9	16	12	3	28	4	15	56	38	18
5	17	12	5	26	10	17	47	33	14
7	15	16	2	29	6	18	46	32	14
5	25	15	8	19	9	23	50	37	13
3	13	11	3	22	17	14	42	33	9
7	11	17	3	20	2	20	38	26	12
3	12	15	5	22	6	20	37	25	12
5	8	10	4	13	7	14	38	24	14
2	22	13	4	22	5	17	43	35	8
6	13	16	3	9	3	19	42	29	13
8	15	13	4	9	7	17	43	27	16
9	10	13	6	14	6	19	36	19	17
7	12	8	3	10	4	11	30	20	10
7	6	14	4	17	11	18	22	11	11
12	15	8	8	11	8	16	53	33	20
8	9	10	0	13	6	10	41	25	16
7	10	13	3	12	9	16	39	26	13
5	15	17	5	15	4	22	33	21	12
4	11	6	2	14	5	8	27	21	6
2	11	12	4	10	2	16	32	25	7
4	23	15	4	6	7	19	46	38	8
5	11	13	3	16	6	16	37	23	14
5	14	13	5	16	8	18	38	27	11
7	13	10	3	18	8	13	39	24	15
7	7	9	6	5	4	15	42	24	18
2	13	6	5	8	3	11	29	23	6
7	15	12	0	9	8	12	42	29	13
9	19	17	2	12	8	19	44	28	16
8	12	11	4	16	7	15	32	21	11
8	17	13	5	13	6	18	52	39	13
8	19	14	6	16	9	20	47	32	15
7	17	14	7	13	9	21	52	39	13
5	17	16	4	15	5	20	44	37	7
13	18	15	1	20	6	16	70	40	30
4	21	17	7	12	8	24	53	40	13
15	17	10	2	17	7	12	67	46	21
12	23	22	7	16	9	29	71	49	22
5	15	8	2	22	9	10	52	43	9
14	31	21	8	24	12	29	80	54	26
17	31	20	4	25	11	24	86	60	26
12	30	18	5	13	7	23	82	61	21
10	37	18	5	18	14	23	93	71	22
15	30	20	8	32	9	28	84	56	28
11	34	28	7	19	7	35	89	70	19
17	36	25	11	34	12	36	103	75	28
19	35	38	9	35	15	47	131	91	40
21	42	32	5	25	10	37	130	95	35
24	35	35	17	38	17	52	135	91	44
36	39	48	14	47	25	62	186	115	71
47	84	53	30	53	18	83	245	164	81
57	92	58	22	85	37	80	318	204	114
114	170	128	53	135	54	181	553	356	197
281	436	318	105	329	150	423	1439	923	516
14345	12568	28949	12568	28949	28949	41517	53826	26913	26913
