AC	AG	AT	CG	CT	GT	Symm	Asymm	Ts	Tv
984	984	984	789	789	675	1773	4166	2083	2083
0	7	5	5	17	3	10	15	14	1
0	5	2	0	4	1	2	9	9	0
0	2	1	0	2	1	1	5	3	2
0	1	0	0	3	2	0	4	3	1
1	0	1	0	0	0	1	2	0	2
0	1	1	0	0	1	1	1	1	0
0	0	0	1	0	0	1	2	2	0
0	1	0	0	0	1	0	3	3	0
0	0	1	0	0	0	1	2	1	1
0	0	0	0	0	0	0	0	0	0
0	0	0	0	0	0	0	0	0	0
0	1	0	0	0	1	0	2	2	0
0	0	0	0	0	0	0	0	0	0
0	0	0	0	0	0	0	1	1	0
0	0	0	0	0	1	0	0	0	0
0	0	0	0	0	1	0	0	0	0
0	0	0	0	2	0	0	0	0	0
0	0	0	0	0	0	0	0	0	0
0	0	0	0	0	0	0	0	0	0
0	0	0	0	0	0	0	0	0	0
0	1	0	0	0	0	0	1	1	0
0	0	0	0	0	0	0	0	0	0
0	0	0	0	0	0	0	1	1	0
0	0	0	0	0	0	0	0	0	0
0	0	0	0	0	0	0	0	0	0
0	0	0	0	0	1	0	1	1	0
0	1	0	0	0	0	0	2	1	1
1	0	0	0	0	0	0	1	0	1
0	0	0	0	0	0	0	2	2	0
0	0	0	0	0	0	0	0	0	0
1	0	0	0	0	0	0	1	0	1
0	0	0	0	0	0	0	0	0	0
0	0	0	0	0	0	0	0	0	0
0	0	0	0	0	0	0	1	0	1
0	0	0	0	0	1	0	0	0	0
0	0	0	0	0	0	0	0	0	0
0	0	0	0	0	0	0	0	0	0
0	0	0	0	0	0	0	0	0	0
0	0	0	0	0	0	0	0	0	0
0	1	1	0	2	0	1	1	1	0
0	0	0	0	0	0	0	0	0	0
0	0	0	0	0	1	0	0	0	0
0	0	0	0	1	0	0	1	0	1
0	0	0	0	0	0	0	0	0	0
0	0	0	0	0	0	0	0	0	0
0	0	0	0	1	0	0	0	0	0
0	1	0	0	0	0	0	1	1	0
0	0	0	0	0	0	0	0	0	0
0	1	0	0	0	0	0	1	1	0
0	0	0	0	0	0	0	0	0	0
1	1	0	0	0	0	0	2	1	1
0	0	0	0	0	0	0	2	2	0
0	0	0	0	0	0	0	1	0	1
0	1	0	0	0	0	0	2	1	1
0	0	0	0	1	0	0	0	0	0
1	0	0	0	0	0	0	1	0	1
0	0	0	0	1	0	0	1	0	1
1	0	0	0	0	0	0	1	0	1
0	0	0	0	0	0	0	0	0	0
0	2	0	1	1	1	1	2	2	0
1	3	0	0	2	0	0	5	3	2
0	3	1	0	2	0	1	3	3	0
2	2	0	0	0	0	0	5	2	3
1	1	3	0	0	1	3	2	1	1
1	0	0	2	2	1	2	6	3	3
0	3	1	0	1	2	1	6	5	1
2	3	1	0	4	0	1	10	7	3
9	11	7	1	7	1	8	40	28	12
789	675	1099	675	1099	1099	1774	2928	1464	1464
