AC	AG	AT	CG	CT	GT	Symm	Asymm	Ts	Tv
41228	41228	41228	21962	21962	19247	63190	167088	83544	83544
155	417	367	171	599	283	538	1138	800	338
57	129	154	58	237	101	212	416	292	124
43	81	84	31	141	72	115	266	180	86
30	54	59	35	99	47	94	175	122	53
17	48	47	11	89	40	58	158	112	46
20	40	27	11	72	27	38	128	83	45
21	39	33	12	59	17	45	102	68	34
19	29	34	19	65	23	53	105	68	37
14	23	21	10	44	14	31	90	61	29
17	28	27	9	42	10	36	78	52	26
17	25	27	5	30	18	32	89	61	28
9	22	38	8	37	13	46	71	46	25
13	19	26	7	35	9	33	54	32	22
10	18	21	10	36	10	31	66	44	22
12	22	17	5	24	14	22	78	50	28
9	19	14	4	33	4	18	62	42	20
6	21	14	7	28	15	21	55	40	15
8	16	17	2	32	6	19	50	35	15
6	26	16	8	21	10	24	55	40	15
5	17	15	3	24	18	18	49	38	11
7	12	22	4	22	2	26	44	31	13
6	14	16	5	24	6	21	46	31	15
7	12	11	7	16	9	18	47	30	17
3	25	14	5	27	5	19	51	40	11
7	15	16	6	10	5	22	49	33	16
10	18	14	4	10	7	18	53	33	20
9	13	15	7	18	6	22	44	26	18
7	14	9	6	12	6	15	36	24	12
8	7	14	4	19	12	18	27	14	13
12	20	8	8	14	8	16	62	42	20
10	10	10	0	17	8	10	49	29	20
7	10	16	5	12	9	21	43	28	15
6	16	17	7	18	4	24	39	25	14
6	12	6	2	15	8	8	34	24	10
3	12	12	4	12	4	16	38	27	11
9	24	17	4	9	8	21	55	42	13
6	13	14	3	18	8	17	40	25	15
5	15	14	6	19	10	20	45	32	13
9	16	11	4	22	8	15	47	30	17
7	8	12	7	7	5	19	46	27	19
2	13	9	6	10	5	15	33	25	8
7	19	17	1	13	9	18	50	37	13
9	21	20	2	15	10	22	47	31	16
9	12	12	4	18	9	16	36	22	14
10	22	15	5	15	8	20	64	49	15
11	24	15	7	18	10	22	60	40	20
10	22	17	7	17	9	24	62	46	16
5	18	19	6	19	6	25	47	40	7
14	25	15	1	21	6	16	81	49	32
7	22	21	8	14	9	29	60	43	17
17	21	14	2	19	7	16	76	53	23
12	27	25	8	19	9	33	82	55	27
8	21	12	4	23	11	16	66	54	12
15	32	24	8	28	16	32	85	56	29
18	34	21	5	26	12	26	98	70	28
13	33	23	5	13	9	28	90	68	22
12	45	22	5	24	16	27	107	82	25
17	36	21	9	36	11	30	101	66	35
12	37	30	7	24	9	37	101	79	22
18	40	27	14	38	15	41	116	84	32
21	42	41	13	39	18	54	151	107	44
25	51	36	7	29	13	43	152	110	42
28	47	45	21	43	25	66	174	119	55
42	53	62	19	64	29	81	224	142	82
52	100	63	33	68	23	96	298	199	99
74	117	71	32	99	43	103	404	258	146
135	199	149	66	163	67	215	672	436	236
326	523	369	128	383	183	497	1731	1122	609
21962	19247	42316	19247	42316	42316	61563	82418	41209	41209
