AC	AG	AT	CG	CT	GT	Symm	Asymm	Ts	Tv
4597	4597	4597	3116	3116	2644	7713	18852	9426	9426
30	69	45	27	102	34	72	175	124	51
8	14	13	15	33	17	28	54	40	14
5	12	7	4	17	6	11	34	22	12
1	11	7	2	11	7	9	24	14	10
5	5	5	1	15	7	6	21	14	7
3	4	7	0	11	1	7	16	9	7
2	10	4	1	11	4	5	19	13	6
1	7	5	2	8	2	7	18	14	4
1	4	3	1	5	1	4	11	8	3
2	0	0	0	6	2	0	4	2	2
2	0	4	3	7	1	7	4	2	2
1	4	2	0	6	4	2	8	5	3
0	1	4	1	4	0	5	6	3	3
1	2	2	1	7	0	3	7	6	1
0	2	2	0	4	1	2	4	4	0
2	3	1	0	0	2	1	13	9	4
1	2	2	0	2	1	2	7	6	1
2	3	2	1	2	3	3	6	3	3
1	1	1	0	2	2	1	5	3	2
1	2	2	1	2	1	3	4	3	1
1	4	0	1	3	0	1	7	6	1
0	0	2	0	3	0	2	0	0	0
1	0	0	1	1	1	1	5	2	3
1	3	3	1	3	1	4	8	7	1
1	2	2	0	3	0	2	4	3	1
1	4	1	1	0	3	2	10	8	2
0	2	0	0	3	1	0	4	3	1
2	2	2	0	5	2	2	6	3	3
0	0	0	1	1	1	1	6	4	2
0	0	2	0	2	0	2	3	3	0
1	0	0	3	4	0	3	3	2	1
1	1	2	2	4	0	4	5	1	4
0	6	1	1	2	0	2	8	7	1
1	1	1	0	1	0	1	6	4	2
0	1	3	0	3	1	3	2	2	0
0	0	3	2	1	1	5	2	2	0
0	1	1	0	0	3	1	5	5	0
0	0	2	0	2	0	2	4	4	0
2	2	3	1	3	0	4	6	4	2
2	2	3	1	4	2	4	6	3	3
1	1	1	1	1	1	2	9	6	3
0	2	0	1	1	1	1	6	5	1
1	2	2	0	4	1	2	6	2	4
2	4	0	0	1	0	0	9	7	2
1	1	2	1	4	0	3	6	4	2
1	1	0	0	2	2	0	4	2	2
1	2	1	0	0	0	1	6	5	1
1	1	0	1	2	0	1	5	4	1
2	3	2	0	1	0	2	8	5	3
0	2	1	2	2	1	3	6	4	2
2	4	0	0	0	1	0	11	6	5
0	2	1	1	4	0	2	5	4	1
3	4	1	0	6	2	1	9	4	5
1	2	1	1	2	0	2	8	6	2
2	0	0	0	4	0	0	9	7	2
1	2	3	0	2	3	3	7	6	1
0	1	6	1	1	2	7	11	7	4
2	8	6	0	2	0	6	18	15	3
1	0	2	0	2	0	2	9	6	3
3	5	2	5	4	2	7	14	10	4
7	6	4	2	7	3	6	23	14	9
3	13	3	2	3	4	5	31	24	7
5	8	4	3	5	4	7	25	19	6
5	11	12	2	9	2	14	38	26	12
5	15	6	5	3	9	11	38	26	12
6	19	6	4	10	7	10	48	36	12
13	30	20	5	26	6	25	93	63	30
49	93	47	13	55	21	60	278	195	83
3116	2644	4829	2644	4829	4829	7473	11520	5760	5760
