Chromosome	GCcontent	Spectra	gamma	ll1	ll0	LRTpval	gammaLB	gammaUB	beta_VB15	beta_CI1	beta_CI2	lambda	eqGC	theta_VB15	ObsGC	eqGC2
Autosome	GC1	GCchanging	0.44201070977878	-6365.36911247128	-6393.02241397334	1.03121601035871e-13	0.325126033834098	0.558991245098279	0.785961585187773	0.765642519873822	0.804982767729808	3.67205852219233	0.297602307553633	0.0173592314209786	0.309952106558249	0.397299259415758
Autosome	GC2	GCchanging	0.367644810920197	-6748.56849846059	-6768.61446027249	2.42288637529212e-10	0.253245981584144	0.481928349698621	0.749577044094072	0.72749674482644	0.770412405870714	2.99324413523675	0.325477217874643	0.0173471598707734	0.337324588209865	0.410701016129582
Autosome	GC3	GCchanging	0.424230378972057	-6158.3842134527	-6183.30140997453	1.67285747699928e-12	0.305675313471585	0.54277206952995	0.747521737859859	0.724497810873858	0.769232032662837	2.96073702156956	0.340468336535325	0.0158160024518603	0.354253182201982	0.441031338848674
Autosome	GC4	GCchanging	0.412530891726715	-7067.19556690031	-7093.29730580305	5.00374381557271e-13	0.299975422987685	0.525135485046361	0.731998302229647	0.709350030265259	0.753504169395232	2.73131964580645	0.356117852212454	0.0171220305569512	0.368383723475291	0.455189776839232
Autosome	GC5	GCchanging	0.65330368323498	-8702.65740492819	-8773.40443216643	1.25461509159259e-32	0.544158121138921	0.763060721717288	0.755691532328576	0.73498352033471	0.775382703134381	3.09318600182504	0.383221232503181	0.0186553445106959	0.399407220974115	0.544235477513409
X	GC1	GCchanging	0.194162105893333	-2173.54558002807	-2174.17366388875	0.262377737124327	-0.326234216449639	0.371626884721429	0.645275242861348	0.645275242861348	0.645275242861348	1.81908713692946	0.356606212642869	0.00600512788524567	0.356606212642869	0.400310218895881
X	GC2	GCchanging	0.560653766643539	-2755.64043304027	-2762.56979105931	0.00019708051484978	0.227012431935553	0.850241393884323	0.751693965980994	0.692379192075003	0.803635489137961	3.02728835789572	0.366557572151145	0.0187519254464459	0.37790253935811	0.503410008589911
X	GC3	GCchanging	0.637236745401214	-2922.83068740214	-2930.46096797852	9.3651622330459e-05	0.322568780416265	0.980161819263131	0.753396492508418	0.688926158806946	0.809238872818238	3.05509236333201	0.382352941176471	0.0169092242450602	0.390619752512336	0.539334469222098
X	GC4	GCchanging	0.423190660423651	-3732.04239277135	-3736.80115848145	0.00203518167448617	0.287816310945686	0.839009323390751	0.694414494956807	0.634375394125381	0.749079450041251	2.27240652287698	0.401877383396891	0.0221468982457835	0.418776384761565	0.506385130039181
X	GC5	GCchanging	0.987051087528068	-2335.58510027559	-2354.28896816857	9.58412285410041e-10	0.54337006025245	1.18696471731869	0.781641353842434	0.721643612950936	0.832994884640354	3.57962172598564	0.428443113772455	0.0183255951779918	0.443191877115335	0.667931653690273
