Chromosome	GCcontent	Spectra	gamma	ll1	ll0	LRTpval	gammaLB	gammaUB	beta_VB15	beta_CI1	beta_CI2	lambda	eqGC	theta_VB15	ObsGC	eqGC2
Autosome	GC1	GCchanging	0.146030551570827	-5523.05111869015	-5527.29773616312	0.00356469424971269	0.0477534041225249	0.244217551459678	0.730974754902697	0.711215871885633	0.749840293298629	2.71712327457712	0.298690129663932	0.0279145645476251	0.315805596143447	0.330148697915483
Autosome	GC2	GCchanging	0.324258115542157	-5960.13693534958	-5983.6797112326	6.79547815894851e-12	0.231270299719622	0.417441405941854	0.742505190096446	0.72432997787758	0.759915005342117	2.88357342182763	0.324148380007326	0.0306866193199615	0.344436835559777	0.398788864317482
Autosome	GC3	GCchanging	0.464924182763036	-6014.33423689643	-6062.57253055456	9.03054327695329e-23	0.371888974367931	0.558169583901509	0.754798028870338	0.737174195767229	0.771643272473137	3.07827064110837	0.34086457053687	0.030822125393435	0.361838619851401	0.451522861270368
Autosome	GC4	GCchanging	0.407846276708998	-6605.65339474893	-6645.89215309961	2.94031447543067e-19	0.318351531707755	0.497630109325218	0.730117867510367	0.712124758391872	0.747439869460011	2.70532124811342	0.357237517808038	0.0322296616490143	0.377642755999994	0.455238131496198
Autosome	GC5	GCchanging	0.459269858141918	-6564.70665465575	-6617.24803966	1.17139089498394e-24	0.370920914794322	0.547943797425643	0.714482910856845	0.696124035957892	0.73222311112382	2.50241732640603	0.387463391906283	0.0317133383929706	0.409903574570542	0.500320630211925
X	GC1	GCchanging	0.418066039346685	-936.073999795847	-939.226450743508	0.0120404576973616	-0.0130716946367891	0.65479261695251	0.631599278908061	0.631599278908061	0.631599278908061	1.71443551205872	0.375225341231007	0.00776662996984228	0.375225341231007	0.469782409950798
X	GC2	GCchanging	0.362509459041146	-1109.8173726399	-1113.11644873465	0.0102084657722015	-0.124234235022593	0.448202095957805	0.616306027820711	0.616306027820711	0.616306027820711	1.60624370594159	0.38576036556683	0.0102030402510889	0.38576036556683	0.472181534121154
X	GC3	GCchanging	0.291298545682669	-1610.62423372461	-1613.04843013816	0.0276719042567482	0.0944378286319147	0.626744620392339	0.595066803699897	0.595066803699897	0.595066803699897	1.46954314720812	0.415233030966531	0.0119979408571684	0.415233030966531	0.476603842277159
X	GC4	GCchanging	0.106784291508084	-1078.49700649009	-1078.82656213997	0.416873863279957	0.04656849914832	0.575980383089191	0.582256020278834	0.582256020278834	0.582256020278834	1.39381067961165	0.42717804595801	0.0120481223588524	0.42717804595801	0.443922617174171
X	GC5	GCchanging	0.499463159998669	-1318.2230624486	-1325.67847200003	0.0001127147071655	0.124411585063581	0.62204112555942	0.663503428579035	0.604614822797889	0.718164207275012	1.97179848156306	0.455249343832021	0.0292550360113001	0.46509186351706	0.579319441087617
