AC	AG	AT	CG	CT	GT	Symm	Asymm	Ts	Tv
988	988	988	592	592	493	1580	4088	2044	2044
2	13	9	7	6	6	16	35	27	8
1	1	1	3	6	1	4	11	8	3
1	2	2	1	2	3	3	10	6	4
0	3	0	0	1	0	0	7	5	2
0	0	0	0	4	3	0	4	3	1
2	0	2	0	0	0	2	4	0	4
0	4	2	0	3	0	2	6	4	2
0	1	1	1	1	0	2	3	2	1
0	1	1	0	0	1	1	2	2	0
0	0	0	0	0	0	0	0	0	0
0	0	0	0	1	0	0	1	1	0
0	2	0	0	0	1	0	4	3	1
0	1	3	0	0	0	3	1	1	0
0	0	0	0	0	0	0	1	1	0
0	0	1	0	1	0	1	1	1	0
0	0	0	0	0	1	0	1	1	0
0	0	2	0	0	0	2	0	0	0
0	0	0	0	0	0	0	0	0	0
0	1	0	0	0	0	0	1	1	0
0	1	0	0	0	0	0	1	1	0
0	0	0	0	0	0	0	0	0	0
0	0	0	0	0	0	0	0	0	0
1	0	0	1	0	0	1	3	1	2
0	0	0	1	0	0	1	1	1	0
0	0	0	0	0	0	0	0	0	0
0	0	0	0	0	0	0	1	1	0
0	0	0	0	0	1	0	1	1	0
0	0	0	0	2	0	0	0	0	0
0	0	0	0	0	0	0	2	2	0
0	0	1	0	0	0	1	0	0	0
0	0	0	1	1	0	1	0	0	0
0	0	0	0	2	0	0	0	0	0
0	2	0	1	0	0	1	2	2	0
0	0	0	0	0	0	0	0	0	0
0	0	0	0	0	0	0	0	0	0
0	0	1	0	0	0	1	0	0	0
0	0	0	0	0	0	0	2	2	0
0	0	0	0	0	0	0	1	1	0
0	0	0	0	0	0	0	0	0	0
0	1	0	0	2	0	0	1	1	0
0	0	1	1	0	0	2	2	2	0
0	0	0	0	1	0	0	1	0	1
0	0	0	0	1	0	0	0	0	0
0	0	0	0	0	0	0	0	0	0
0	0	0	0	1	0	0	0	0	0
0	0	0	0	1	1	0	0	0	0
0	0	0	0	0	0	0	0	0	0
0	0	0	1	0	0	1	0	0	0
0	1	0	0	0	0	0	1	1	0
0	1	0	0	0	0	0	1	1	0
1	1	0	0	0	0	0	2	1	1
0	0	0	0	0	0	0	0	0	0
0	1	0	0	1	0	0	2	1	1
1	0	1	0	1	0	1	2	1	1
0	0	0	0	1	0	0	0	0	0
0	0	1	0	0	0	1	0	0	0
0	0	2	0	1	1	2	1	0	1
1	0	0	0	1	0	0	2	1	1
0	0	0	0	0	0	0	0	0	0
0	0	0	0	1	0	0	1	0	1
1	0	1	0	1	1	1	2	1	1
0	1	0	0	0	2	0	4	4	0
2	0	2	0	0	2	2	2	0	2
0	0	1	1	3	1	2	7	4	3
0	0	0	0	2	2	0	1	1	0
2	1	2	1	4	3	3	8	3	5
4	3	5	1	7	2	6	14	9	5
14	10	8	1	14	6	9	36	16	20
592	493	1056	493	1056	1056	1549	2170	1085	1085
