AC	AG	AT	CG	CT	GT	Symm	Asymm	Ts	Tv
961	961	961	564	564	515	1525	3864	1932	1932
7	20	14	2	35	5	16	47	33	14
2	0	6	6	8	3	12	3	1	2
1	4	1	0	5	0	1	7	5	2
0	3	0	0	1	2	0	4	4	0
1	0	3	1	4	1	4	1	0	1
0	2	0	0	5	0	0	3	3	0
0	1	0	0	1	2	0	2	1	1
0	1	3	1	3	1	4	4	3	1
1	2	0	0	1	0	0	5	4	1
0	0	0	0	1	0	0	1	1	0
0	0	0	0	0	0	0	1	1	0
1	0	0	0	0	0	0	1	0	1
0	0	0	1	0	0	1	2	1	1
0	1	0	0	0	0	0	2	2	0
0	0	1	0	1	0	1	0	0	0
2	2	0	0	0	0	0	4	2	2
0	0	0	0	0	0	0	2	2	0
1	1	0	0	0	0	0	2	1	1
1	0	0	0	0	2	0	1	0	1
0	0	1	0	0	0	1	0	0	0
0	0	0	1	0	0	1	0	0	0
0	0	0	0	0	0	0	0	0	0
0	0	0	0	1	0	0	0	0	0
0	1	0	0	0	0	0	1	1	0
1	0	1	0	0	0	1	1	0	1
0	1	0	1	0	2	1	3	2	1
0	0	0	0	1	0	0	0	0	0
0	1	1	0	1	0	1	1	1	0
0	0	0	0	0	0	0	1	1	0
0	0	0	0	1	0	0	1	1	0
0	0	0	1	0	0	1	0	0	0
0	0	0	0	0	0	0	2	0	2
0	0	0	0	2	0	0	0	0	0
1	0	0	0	0	0	0	3	1	2
0	0	2	0	1	1	2	0	0	0
0	0	0	1	0	0	1	2	2	0
0	0	0	0	0	2	0	0	0	0
0	0	2	0	0	0	2	0	0	0
0	0	2	0	1	0	2	1	1	0
0	0	0	0	1	0	0	0	0	0
0	0	0	0	0	0	0	1	1	0
0	1	0	0	0	0	0	2	2	0
1	0	1	0	1	1	1	3	0	3
0	1	0	0	0	0	0	1	1	0
0	0	0	0	0	0	0	0	0	0
0	1	0	0	0	0	0	2	2	0
0	1	0	0	0	0	0	1	1	0
0	0	0	0	0	0	0	0	0	0
1	0	0	0	0	0	0	1	0	1
0	0	0	0	0	0	0	2	0	2
0	1	0	0	0	0	0	1	1	0
0	1	0	0	2	0	0	1	1	0
1	2	0	0	0	0	0	3	2	1
0	0	0	0	0	0	0	1	1	0
0	0	0	0	1	0	0	0	0	0
0	0	0	0	1	1	0	0	0	0
0	0	1	1	0	0	2	0	0	0
0	2	1	0	1	0	1	2	2	0
0	0	0	0	1	0	0	1	1	0
0	2	1	2	2	0	3	3	3	0
3	3	1	0	2	1	1	10	6	4
2	1	0	1	0	1	1	6	2	4
0	2	0	1	1	0	1	7	7	0
2	2	5	0	0	0	5	9	6	3
0	6	1	2	1	0	3	9	7	2
1	2	3	0	1	1	3	8	7	1
4	4	4	1	1	0	5	19	12	7
10	7	13	1	13	7	14	57	42	15
564	515	971	515	971	971	1486	2158	1079	1079
