AC	AG	AT	CG	CT	GT	Symm	Asymm	Ts	Tv
8933	8933	8933	3812	3812	3402	12745	36214	18107	18107
29	77	75	29	99	43	104	220	157	63
11	27	29	14	33	17	43	81	57	24
8	19	17	7	23	12	24	68	46	22
3	10	10	12	15	11	22	37	28	9
1	10	10	2	17	8	12	26	23	3
3	9	4	1	15	4	5	25	18	7
2	7	8	0	8	3	8	18	13	5
8	4	11	4	9	3	15	18	10	8
3	6	3	1	11	1	4	20	13	7
1	4	4	0	8	1	4	14	9	5
7	2	4	1	4	3	5	21	12	9
1	2	7	3	7	0	10	9	5	4
3	3	4	4	7	1	8	11	7	4
3	4	5	1	11	2	6	17	12	5
3	6	3	0	3	1	3	21	16	5
3	2	2	2	7	0	4	10	6	4
1	4	3	2	3	3	5	11	10	1
2	4	0	1	8	1	1	10	7	3
2	5	3	1	1	0	4	13	8	5
0	0	2	1	4	3	3	10	8	2
1	2	8	0	4	0	8	8	6	2
0	2	4	2	4	0	6	7	5	2
1	2	2	3	4	2	5	8	6	2
2	2	1	2	6	0	3	8	5	3
2	2	4	0	1	0	4	9	5	4
3	3	1	0	2	1	1	11	6	5
2	7	4	1	1	2	5	14	9	5
3	2	1	0	2	1	1	6	2	4
0	0	3	0	6	1	3	2	1	1
2	3	0	2	5	1	2	12	7	5
0	3	3	0	1	0	3	5	4	1
3	0	4	0	1	0	4	8	3	5
3	2	6	0	4	0	6	12	6	6
3	0	2	0	3	2	2	5	2	3
1	1	2	2	2	0	4	7	4	3
1	8	4	0	4	3	4	13	12	1
3	2	5	0	3	2	5	6	3	3
2	5	3	1	1	1	4	8	6	2
2	4	2	1	4	3	3	12	9	3
2	1	1	2	1	1	3	10	7	3
0	1	1	2	0	1	3	4	3	1
2	5	3	0	2	3	3	10	6	4
0	6	2	1	3	2	3	9	8	1
1	2	1	1	3	2	2	4	3	1
0	4	1	1	3	1	2	10	10	0
4	7	1	2	4	1	3	17	11	6
1	3	4	2	3	2	6	8	7	1
0	3	3	1	4	1	4	7	7	0
2	8	1	0	8	2	1	17	12	5
3	3	6	2	3	3	8	7	4	3
4	3	4	0	3	1	4	16	11	5
5	6	3	2	6	0	5	17	9	8
2	5	4	2	4	1	6	14	12	2
5	5	4	0	10	2	4	14	8	6
6	7	2	1	8	2	3	26	18	8
0	7	4	2	4	1	6	15	14	1
2	4	4	1	3	3	5	13	11	2
3	9	4	3	10	2	7	19	13	6
3	7	4	3	5	4	7	19	15	4
3	6	1	1	7	4	2	21	17	4
5	11	8	0	6	0	8	28	20	8
6	10	6	1	6	3	7	27	18	9
8	10	10	1	9	4	11	37	25	12
8	13	11	1	13	2	12	46	30	16
9	18	5	4	18	6	9	53	33	20
19	22	19	3	27	14	22	76	45	31
24	36	32	7	30	13	39	110	69	41
56	87	82	14	80	34	96	285	186	99
3812	3402	9174	3402	9174	9174	12576	14428	7214	7214
