AC	AG	AT	CG	CT	GT	Symm	Asymm	Ts	Tv
851	851	851	673	673	595	1524	3458	1729	1729
6	12	7	9	18	11	16	28	19	9
4	4	1	2	11	3	3	14	10	4
0	1	1	2	5	1	3	3	2	1
0	2	1	0	3	2	1	6	2	4
3	1	1	0	2	1	1	4	1	3
0	1	1	0	2	1	1	1	1	0
1	0	1	1	1	1	2	3	2	1
0	1	0	0	0	1	0	2	2	0
0	0	2	0	0	0	2	1	0	1
1	0	0	0	2	2	0	1	0	1
0	0	1	2	0	0	3	0	0	0
0	0	1	0	1	1	1	0	0	0
0	0	0	0	0	0	0	1	1	0
0	0	1	1	3	0	2	1	1	0
0	0	0	0	1	1	0	1	1	0
0	1	0	0	0	0	0	2	1	1
0	0	0	0	0	0	0	1	1	0
0	0	1	0	1	2	1	1	0	1
0	0	1	0	0	0	1	1	0	1
0	0	0	0	0	0	0	1	1	0
0	1	0	0	0	0	0	2	2	0
0	0	1	0	1	0	1	0	0	0
0	0	0	0	0	1	0	0	0	0
0	1	1	0	0	1	1	2	2	0
0	1	0	0	1	0	0	2	2	0
1	0	0	0	0	1	0	2	1	1
0	1	0	0	0	0	0	2	1	1
1	1	1	0	0	1	1	2	1	1
0	0	0	0	0	0	0	1	0	1
0	0	0	0	0	0	0	1	1	0
0	0	0	1	2	0	1	1	1	0
0	0	1	1	0	0	2	1	0	1
0	1	0	0	0	0	0	1	1	0
0	0	1	0	0	0	1	0	0	0
0	1	0	0	0	0	0	1	1	0
0	0	0	0	0	0	0	0	0	0
0	0	0	0	0	1	0	0	0	0
0	0	0	0	1	0	0	2	2	0
0	0	0	0	1	0	0	0	0	0
1	1	1	1	0	1	2	2	1	1
0	0	0	0	0	0	0	1	0	1
0	1	0	0	0	1	0	1	1	0
0	1	0	0	1	0	0	2	1	1
1	1	0	0	1	0	0	3	2	1
1	0	1	0	1	0	1	2	0	2
0	0	0	0	0	0	0	1	0	1
0	0	1	0	0	0	1	1	1	0
0	0	0	0	1	0	0	0	0	0
1	0	1	0	1	0	1	1	0	1
0	0	1	1	0	1	2	0	0	0
0	0	0	0	0	1	0	3	1	2
0	0	0	1	1	0	1	0	0	0
0	0	0	0	0	1	0	0	0	0
0	1	0	1	1	0	1	3	2	1
0	0	0	0	1	0	0	3	3	0
0	1	1	0	1	0	1	1	1	0
0	0	1	0	0	0	1	2	1	1
0	2	2	0	0	0	2	2	2	0
1	0	1	0	0	0	1	5	2	3
1	1	0	1	0	1	1	2	1	1
0	0	0	1	1	0	1	1	0	1
0	2	0	0	2	0	0	4	3	1
1	3	1	1	0	0	2	7	5	2
1	3	3	1	0	0	4	7	5	2
1	4	2	1	0	4	3	10	7	3
0	7	1	2	1	1	3	13	12	1
2	6	4	1	6	0	5	22	17	5
13	25	5	3	7	3	8	67	43	24
673	595	878	595	878	878	1473	2536	1268	1268
