AC	AG	AT	CG	CT	GT	Symm	Asymm	Ts	Tv
8349	8349	8349	4486	4486	3852	12835	33684	16842	16842
40	82	70	39	97	66	109	225	147	78
11	27	33	8	42	19	41	81	56	25
10	15	13	3	22	10	16	52	32	20
4	8	15	4	19	11	19	32	23	9
2	14	8	1	9	7	9	35	29	6
2	6	5	2	11	7	7	15	11	4
4	6	5	0	11	2	5	19	11	8
1	4	3	4	19	4	7	23	14	9
2	5	3	4	7	2	7	11	7	4
2	5	4	1	5	3	5	12	9	3
0	8	4	0	5	2	4	15	13	2
3	8	7	2	3	4	9	21	15	6
0	3	5	0	8	3	5	8	6	2
1	3	4	1	6	0	5	11	6	5
1	2	3	3	5	4	6	6	4	2
1	5	1	0	5	1	1	9	7	2
1	1	6	1	7	4	7	7	3	4
3	3	3	0	7	1	3	9	5	4
1	6	7	1	5	5	8	11	10	1
2	2	3	0	1	0	3	8	6	2
2	1	3	0	6	1	3	6	4	2
0	3	3	0	6	2	3	6	5	1
1	2	2	2	2	2	4	7	5	2
0	4	1	1	6	1	2	7	6	1
1	5	4	0	4	0	4	12	9	3
1	3	5	0	4	1	5	9	5	4
1	0	2	3	6	2	5	3	1	2
2	4	1	2	3	0	3	11	6	5
2	1	1	2	2	2	3	6	3	3
4	3	3	1	1	4	4	15	10	5
3	2	3	0	2	3	3	12	8	4
1	2	3	2	2	3	5	4	3	1
1	1	1	2	4	3	3	3	1	2
0	3	2	1	4	1	3	5	5	0
0	4	1	1	2	0	2	9	8	1
0	6	6	1	0	1	7	13	10	3
0	3	4	0	1	0	4	8	5	3
1	3	2	0	6	1	2	9	5	4
2	2	1	0	7	1	1	9	3	6
1	0	2	1	2	1	3	5	2	3
0	1	1	1	2	3	2	4	4	0
1	4	2	0	1	1	2	13	10	3
1	4	5	0	2	3	5	10	8	2
2	2	2	1	4	2	3	8	6	2
1	5	6	0	2	1	6	13	11	2
2	2	3	1	3	1	4	8	4	4
2	7	3	1	2	1	4	17	13	4
1	9	5	0	3	0	5	17	15	2
2	1	4	0	4	0	4	4	2	2
2	5	5	0	4	0	5	17	10	7
3	3	2	1	2	1	3	14	10	4
0	7	9	0	2	3	9	18	14	4
2	3	2	0	2	1	2	11	8	3
4	3	5	1	2	1	6	16	8	8
3	5	1	3	3	4	4	14	11	3
5	9	4	0	3	2	4	25	17	8
2	10	7	1	7	3	8	19	13	6
1	3	3	2	5	2	5	11	8	3
1	3	5	1	4	1	6	12	8	4
7	10	5	4	2	2	9	26	17	9
9	12	5	5	10	8	10	44	31	13
3	11	3	1	5	4	4	27	22	5
4	10	3	3	5	2	6	32	21	11
11	5	20	6	15	4	26	32	14	18
9	31	10	9	15	5	19	70	50	20
13	21	11	6	17	10	17	66	43	23
18	32	28	13	29	14	41	111	74	37
69	89	67	27	65	38	94	321	186	135
4486	3852	8493	3852	8493	8493	12345	16676	8338	8338
