AC	AG	AT	CG	CT	GT	Symm	Asymm	Ts	Tv
872	872	872	670	670	508	1542	3630	1815	1815
10	11	8	3	21	7	11	35	20	15
0	5	2	3	4	8	5	18	15	3
1	2	2	1	3	0	3	6	4	2
1	2	2	1	6	3	3	5	2	3
0	3	0	0	2	2	0	8	8	0
1	1	2	0	3	0	2	6	5	1
1	3	1	0	4	0	1	5	3	2
1	1	1	0	1	0	1	5	3	2
0	1	0	1	4	0	1	2	2	0
1	0	0	0	2	0	0	2	1	1
1	0	3	1	4	0	4	1	0	1
0	1	1	0	4	2	1	2	1	1
0	0	0	0	3	0	0	0	0	0
0	0	0	0	3	0	0	0	0	0
0	2	0	0	0	0	0	2	2	0
0	0	0	0	0	0	0	4	4	0
1	1	0	0	2	0	0	3	2	1
1	2	1	1	1	0	2	3	2	1
0	0	0	0	0	0	0	2	2	0
0	0	1	0	0	0	1	0	0	0
0	0	0	0	2	0	0	1	1	0
0	0	0	0	1	0	0	0	0	0
0	0	0	0	0	0	0	1	0	1
1	0	1	0	3	0	1	2	1	1
0	1	0	0	2	0	0	1	1	0
0	2	1	0	0	0	1	3	3	0
0	0	0	0	2	0	0	0	0	0
1	0	0	0	2	1	0	1	0	1
0	0	0	0	1	1	0	2	1	1
0	0	0	0	0	0	0	0	0	0
0	0	0	0	1	0	0	1	1	0
1	1	1	0	1	0	1	2	1	1
0	3	0	0	0	0	0	5	4	1
0	0	0	0	0	0	0	2	2	0
0	0	1	0	2	0	1	0	0	0
0	0	2	1	1	1	3	0	0	0
0	0	0	0	0	0	0	1	1	0
0	0	0	0	1	0	0	1	1	0
1	0	0	0	0	0	0	1	0	1
1	0	0	0	1	1	0	3	1	2
1	1	0	0	0	0	0	5	3	2
0	0	0	1	0	0	1	2	2	0
0	1	0	0	1	0	0	1	1	0
0	1	0	0	0	0	0	3	3	0
0	0	1	1	1	0	2	3	3	0
1	0	0	0	0	1	0	1	0	1
1	0	0	0	0	0	0	2	1	1
0	0	0	0	1	0	0	2	2	0
0	1	1	0	0	0	1	1	1	0
0	1	0	1	2	0	1	1	1	0
1	1	0	0	0	0	0	3	2	1
0	1	1	0	1	0	1	3	3	0
1	1	1	0	4	0	1	2	1	1
0	1	0	0	0	0	0	1	1	0
2	0	0	0	0	0	0	5	3	2
0	0	1	0	0	0	1	3	3	0
0	1	0	0	0	1	0	7	5	2
1	1	1	0	0	0	1	6	5	1
0	0	1	0	1	0	1	2	2	0
1	0	0	1	1	0	1	5	4	1
1	0	1	1	2	1	2	2	1	1
1	5	2	0	0	1	2	10	9	1
1	2	1	0	4	0	1	6	5	1
2	5	1	0	5	0	1	11	7	4
2	3	1	2	0	2	3	14	9	5
2	3	0	1	2	1	1	8	6	2
1	9	5	1	10	3	6	22	13	9
9	28	10	5	9	5	15	65	49	16
670	508	943	508	943	943	1451	2356	1178	1178
