AC	AG	AT	CG	CT	GT	Symm	Asymm	Ts	Tv
8099	8099	8099	4588	4588	4014	12687	32404	16202	16202
26	98	71	45	133	41	116	240	177	63
11	26	29	11	70	22	40	92	63	29
9	13	22	8	26	14	30	54	38	16
6	10	12	6	18	12	18	27	18	9
5	12	16	3	21	10	19	38	23	15
8	9	4	3	18	6	7	33	23	10
4	13	6	3	11	3	9	20	14	6
6	5	8	2	8	7	10	23	13	10
3	6	6	3	6	5	9	16	8	8
5	7	5	3	2	1	8	20	14	6
3	4	6	2	8	5	8	17	10	7
1	3	6	1	5	1	7	13	10	3
3	4	7	1	8	1	8	12	5	7
3	5	4	2	3	3	6	12	7	5
2	3	4	2	9	3	6	12	8	4
2	1	5	1	7	1	6	9	5	4
0	4	2	1	5	3	3	13	10	3
1	3	1	0	4	0	1	10	7	3
0	6	1	3	6	1	4	12	9	3
1	3	3	0	7	4	3	9	6	3
2	0	5	1	4	1	6	9	6	3
0	1	5	3	2	0	8	11	8	3
1	3	3	1	2	2	4	14	9	5
0	8	5	0	5	1	5	15	11	4
2	2	4	2	2	3	6	9	6	3
1	7	3	4	1	3	7	15	10	5
0	1	5	1	3	1	6	5	4	1
2	4	3	1	1	4	4	8	6	2
0	2	3	0	3	3	3	5	4	1
3	3	3	3	1	2	6	12	7	5
3	2	2	0	8	2	2	15	8	7
1	2	5	1	3	1	6	9	7	2
0	5	6	3	1	0	9	7	6	1
3	3	1	0	2	2	1	9	6	3
0	3	3	0	3	0	3	7	5	2
2	4	0	0	1	1	0	7	5	2
0	3	3	0	5	1	3	7	6	1
1	2	2	1	6	4	3	13	10	3
2	4	2	2	4	2	4	9	5	4
0	2	3	2	2	1	5	8	5	3
1	3	2	1	2	0	3	9	4	5
4	3	3	0	3	1	3	11	6	5
3	6	4	0	3	4	4	13	7	6
2	2	5	1	4	1	6	9	4	5
0	2	3	2	3	4	5	8	7	1
2	5	3	0	6	4	3	11	7	4
1	1	3	1	7	3	4	4	3	1
0	2	5	0	6	1	5	7	6	1
1	0	5	1	3	2	6	12	7	5
0	4	3	1	3	3	4	11	10	1
5	7	2	1	4	2	3	16	11	5
1	3	5	1	6	3	6	12	8	4
0	5	4	0	4	2	4	13	12	1
2	10	6	3	5	2	9	24	19	5
4	6	9	1	2	2	10	16	9	7
1	7	7	1	1	4	8	17	15	2
1	8	3	0	7	2	3	15	13	2
6	13	4	2	6	4	6	32	21	11
3	9	3	1	7	1	4	15	11	4
3	7	10	4	2	5	14	21	13	8
4	10	10	3	8	4	13	29	18	11
6	8	6	1	1	2	7	28	19	9
4	8	10	7	14	2	17	36	26	10
9	12	14	4	11	10	18	52	33	19
9	12	10	9	8	3	19	51	30	21
15	24	10	7	25	7	17	79	50	29
28	44	32	22	37	18	54	164	114	50
63	117	84	29	79	37	113	354	250	104
4588	4014	8103	4014	8103	8103	12117	17204	8602	8602
