AC	AG	AT	CG	CT	GT	Symm	Asymm	Ts	Tv
8356	8356	8356	4156	4156	3635	12512	33996	16998	16998
35	75	82	26	110	56	108	230	157	73
15	20	32	16	44	21	48	79	52	27
10	16	15	4	30	18	19	47	31	16
7	16	6	3	22	9	9	44	32	12
5	9	9	2	16	7	11	30	18	12
2	6	8	2	12	5	10	24	14	10
5	7	7	5	16	2	12	24	17	7
1	7	6	6	8	7	12	16	14	2
3	5	1	0	7	3	1	26	20	6
4	9	7	3	13	2	10	21	14	7
5	5	6	2	5	4	8	20	14	6
3	3	8	0	11	4	8	12	3	9
5	7	5	2	10	1	7	15	10	5
3	3	4	2	9	2	6	12	7	5
3	7	5	0	3	4	5	20	12	8
2	5	1	0	8	1	1	15	10	5
3	4	2	1	6	3	3	12	8	4
0	1	6	1	4	3	7	9	7	2
1	1	2	1	3	1	3	5	3	2
0	5	3	0	5	6	3	10	9	1
0	6	2	0	6	0	2	11	9	2
4	4	2	0	4	2	2	11	6	5
2	2	1	0	3	1	1	12	7	5
1	6	5	1	5	3	6	11	9	2
1	2	2	4	3	1	6	9	6	3
2	4	5	0	3	1	5	9	6	3
4	0	1	0	3	0	1	11	5	6
0	3	3	0	4	0	3	4	3	1
1	2	2	1	4	3	3	6	4	2
0	4	2	0	3	1	2	9	8	1
2	1	2	0	3	1	2	7	4	3
0	4	4	1	3	5	5	13	9	4
0	2	2	2	3	0	4	7	4	3
0	3	0	1	2	2	1	8	6	2
1	2	4	0	3	2	4	7	4	3
1	4	5	3	2	3	8	8	7	1
2	2	1	1	5	4	2	12	5	7
1	3	4	2	3	1	6	8	6	2
1	3	3	0	4	1	3	8	6	2
3	0	2	1	2	1	3	10	4	6
0	4	1	0	0	1	1	8	8	0
0	4	3	1	5	2	4	7	7	0
4	1	7	1	2	1	8	9	4	5
1	4	2	0	4	2	2	9	7	2
4	5	5	0	3	1	5	17	10	7
2	7	5	1	5	3	6	13	10	3
0	4	2	1	2	1	3	10	8	2
3	2	3	2	3	2	5	11	8	3
3	9	3	0	4	1	3	23	14	9
1	2	4	0	2	1	4	7	5	2
2	5	6	0	6	2	6	14	9	5
1	6	4	2	4	1	6	16	12	4
2	3	1	2	5	3	3	14	11	3
1	7	1	2	5	5	3	15	10	5
3	9	5	0	4	2	5	23	18	5
5	4	3	2	3	0	5	20	14	6
3	10	5	2	0	6	7	28	21	7
4	5	7	0	9	1	7	18	10	8
3	9	11	1	5	3	12	27	22	5
3	4	6	2	15	3	8	17	11	6
2	4	7	1	7	1	8	21	12	9
6	12	11	2	10	2	13	36	28	8
4	6	9	2	8	8	11	27	18	9
3	12	7	4	9	7	11	38	28	10
15	16	20	8	16	5	28	62	38	24
7	17	13	10	15	6	23	72	47	25
32	32	27	12	32	12	39	129	76	53
57	103	68	24	82	38	92	326	213	113
4156	3635	8642	3635	8642	8642	12277	15582	7791	7791
