AC	AG	AT	CG	CT	GT	Symm	Asymm	Ts	Tv
7491	7491	7491	4920	4920	4344	12411	30790	15395	15395
25	85	69	32	160	77	101	223	162	61
9	29	31	9	48	22	40	83	64	19
6	18	17	9	40	18	26	45	33	12
10	10	16	10	25	4	26	35	21	14
4	3	4	3	26	8	7	29	19	10
5	10	6	3	16	5	9	31	17	14
6	6	7	4	13	7	11	21	13	8
3	9	6	3	21	2	9	25	17	8
3	1	8	2	13	3	10	17	13	4
5	3	7	2	14	3	9	11	6	5
2	6	7	0	8	4	7	16	12	4
1	6	10	2	11	4	12	16	13	3
2	2	5	0	2	3	5	8	4	4
0	3	4	4	7	3	8	14	12	2
3	4	2	0	4	2	2	19	10	9
1	6	5	1	6	1	6	19	14	5
1	8	1	2	7	2	3	12	9	3
2	5	7	0	9	1	7	12	9	3
2	8	3	2	6	3	5	14	10	4
2	7	4	2	7	5	6	12	9	3
2	3	4	3	2	0	7	10	6	4
2	4	2	0	8	2	2	11	7	4
2	3	3	1	5	2	4	6	3	3
0	5	2	1	5	0	3	10	9	1
1	4	2	0	0	1	2	10	7	3
3	1	0	0	0	1	0	9	6	3
2	5	3	2	5	1	5	11	7	4
0	1	1	3	2	1	4	7	7	0
5	2	5	1	4	3	6	8	2	6
3	7	0	2	4	0	2	14	10	4
2	2	0	0	3	2	0	10	5	5
2	2	0	1	3	0	1	9	6	3
2	6	2	0	6	1	2	10	8	2
0	3	1	0	4	1	1	7	5	2
1	2	2	1	2	2	3	8	6	2
5	2	2	0	2	0	2	14	8	6
1	3	1	2	4	1	3	7	6	1
0	2	3	2	3	3	5	7	5	2
2	3	3	1	3	1	4	9	7	2
1	5	4	1	0	1	5	13	9	4
1	4	4	2	6	0	6	8	6	2
0	3	6	0	2	2	6	9	8	1
1	4	2	0	5	0	2	6	4	2
3	2	2	1	3	2	3	6	2	4
5	6	0	2	4	1	2	16	11	5
1	3	3	3	0	1	6	11	8	3
6	7	5	2	3	2	7	23	15	8
1	2	3	3	3	2	6	5	4	1
6	7	2	0	2	1	2	25	14	11
1	8	3	5	2	2	8	18	14	4
3	3	0	0	4	1	0	16	12	4
5	5	4	3	1	2	7	19	12	7
2	5	1	0	8	4	1	14	11	3
3	7	8	2	6	6	10	16	11	5
2	7	4	0	9	2	4	19	14	5
2	6	5	0	2	2	5	13	8	5
4	13	3	1	7	2	4	32	24	8
3	6	3	2	6	2	5	21	14	7
2	9	7	1	3	0	8	28	23	5
2	13	5	3	12	1	8	31	26	5
1	5	11	4	8	5	15	29	26	3
4	10	10	2	7	2	12	34	23	11
8	13	13	8	7	9	21	42	29	13
11	11	10	4	16	6	14	56	37	19
10	23	18	3	11	4	21	62	48	14
20	33	18	6	15	6	24	111	73	38
33	55	30	12	35	10	42	158	103	55
81	127	68	34	77	36	102	445	287	158
4920	4344	7904	4344	7904	7904	12248	18528	9264	9264
