AC	AG	AT	CG	CT	GT	Symm	Asymm	Ts	Tv
925	925	925	617	617	533	1542	3812	1906	1906
5	13	7	6	22	5	13	30	25	5
1	4	3	1	4	2	4	8	6	2
2	3	1	0	2	2	1	8	5	3
0	1	4	1	0	0	5	2	1	1
1	1	1	0	3	0	1	4	2	2
0	0	2	0	1	0	2	2	0	2
0	2	0	0	2	1	0	3	3	0
0	3	0	0	3	0	0	4	4	0
0	0	0	0	0	0	0	1	0	1
0	0	0	0	1	0	0	0	0	0
1	0	0	0	2	1	0	1	0	1
0	1	0	0	1	0	0	1	1	0
0	0	1	0	1	0	1	2	0	2
1	1	1	0	1	0	1	3	2	1
0	0	0	0	1	0	0	0	0	0
0	0	1	0	0	1	1	2	1	1
0	1	0	0	0	1	0	1	1	0
0	0	0	0	0	1	0	0	0	0
0	0	0	0	2	0	0	0	0	0
1	1	0	1	2	1	1	2	1	1
1	3	0	0	1	0	0	4	3	1
0	0	1	0	1	0	1	0	0	0
0	0	0	0	0	0	0	1	1	0
0	1	1	0	0	0	1	2	2	0
0	0	1	0	0	0	1	0	0	0
0	1	0	0	0	0	0	1	1	0
0	1	0	0	0	0	0	1	1	0
0	0	0	0	0	0	0	2	1	1
0	0	0	1	0	0	1	0	0	0
0	0	1	0	1	0	1	1	1	0
1	0	0	0	0	0	0	1	0	1
0	0	0	1	1	0	1	0	0	0
0	0	1	0	0	0	1	0	0	0
0	1	0	0	1	0	0	1	1	0
0	0	0	0	0	0	0	1	1	0
0	0	0	0	0	0	0	0	0	0
0	1	1	0	0	0	1	2	2	0
0	0	0	0	0	0	0	0	0	0
1	2	1	1	1	0	2	4	3	1
0	0	2	0	0	0	2	0	0	0
0	0	0	0	1	1	0	0	0	0
0	0	0	0	0	0	0	0	0	0
0	0	1	0	0	0	1	0	0	0
1	1	0	0	0	0	0	2	1	1
0	1	0	0	1	0	0	1	1	0
0	0	0	0	1	0	0	0	0	0
0	1	0	0	0	0	0	2	2	0
1	1	0	0	0	0	0	3	2	1
0	1	0	0	0	0	0	4	3	1
0	0	0	0	0	0	0	2	2	0
0	1	0	0	0	0	0	2	1	1
0	0	0	0	0	0	0	1	0	1
1	0	0	0	1	1	0	2	0	2
0	0	0	0	0	0	0	1	1	0
0	0	0	0	1	0	0	1	1	0
1	1	0	0	0	2	0	3	2	1
0	0	2	0	0	0	2	1	1	0
0	3	2	0	0	0	2	6	5	1
0	0	0	0	0	0	0	1	1	0
1	2	1	1	0	1	2	3	2	1
2	3	1	0	1	0	1	8	6	2
0	4	1	1	1	0	2	7	6	1
1	1	0	1	0	2	1	3	2	1
0	1	2	0	1	1	2	4	4	0
2	2	2	0	0	1	2	4	2	2
1	6	0	0	2	1	0	11	8	3
2	8	2	1	2	1	3	16	12	4
3	23	11	3	12	0	14	53	45	8
617	533	981	533	981	981	1514	2300	1150	1150
