AC	AG	AT	CG	CT	GT	Symm	Asymm	Ts	Tv
7030	7030	7030	3491	3491	3033	10521	28406	14203	14203
36	101	78	42	120	62	120	269	191	78
12	27	35	11	51	17	46	84	56	28
15	17	10	5	24	15	15	64	37	27
8	10	15	5	21	12	20	37	25	12
2	8	12	4	15	10	16	32	21	11
7	4	5	2	23	6	7	28	17	11
2	6	5	3	15	6	8	16	14	2
6	9	7	2	18	5	9	24	14	10
4	6	8	1	7	5	9	19	15	4
1	3	5	1	12	2	6	10	6	4
2	7	7	2	10	1	9	19	16	3
2	5	2	1	11	2	3	12	9	3
0	6	8	1	10	2	9	12	10	2
3	4	7	2	9	3	9	17	13	4
1	7	5	0	9	4	5	13	11	2
2	4	2	0	12	1	2	14	12	2
1	5	3	0	6	5	3	11	8	3
3	2	3	1	11	2	4	10	7	3
2	7	4	1	3	1	5	12	10	2
0	2	0	1	10	3	1	15	13	2
3	1	6	1	10	1	7	15	10	5
2	5	3	2	7	2	5	13	10	3
2	2	0	1	1	2	1	8	4	4
1	4	4	1	3	1	5	10	8	2
2	3	3	0	2	1	3	10	6	4
3	5	3	2	3	1	5	13	8	5
3	1	3	1	4	2	4	10	5	5
2	2	2	2	2	0	4	8	5	3
3	3	4	1	2	2	5	9	3	6
3	6	3	2	2	1	5	14	10	4
2	4	5	0	5	0	5	13	9	4
0	2	5	1	4	5	6	8	7	1
1	4	7	0	5	1	7	7	5	2
1	1	2	0	3	1	2	5	4	1
1	1	2	2	3	0	4	6	4	2
1	8	3	1	1	1	4	15	13	2
1	1	3	1	5	1	4	11	5	6
2	5	3	0	5	2	3	12	10	2
0	4	3	0	4	1	3	7	6	1
3	3	1	1	0	3	2	10	5	5
0	6	1	2	3	1	3	8	8	0
1	4	4	0	4	2	4	11	8	3
4	7	6	0	3	2	6	15	10	5
1	6	3	0	3	2	3	10	8	2
3	5	3	0	4	1	3	12	8	4
2	2	5	2	2	2	7	7	3	4
0	7	5	4	5	1	9	16	14	2
2	8	7	1	9	2	8	21	18	3
3	4	1	1	11	2	2	20	14	6
1	6	3	2	3	0	5	11	9	2
4	5	4	0	5	0	4	22	16	6
4	6	3	1	3	2	4	21	12	9
3	6	2	0	8	0	2	22	18	4
2	6	6	2	4	1	8	21	15	6
7	10	4	1	9	1	5	29	19	10
2	8	4	1	4	2	5	22	18	4
0	9	5	0	4	1	5	22	20	2
3	5	5	3	9	1	8	19	15	4
0	13	7	1	3	3	8	27	25	2
3	10	5	2	9	0	7	25	17	8
4	4	13	2	5	4	15	31	22	9
6	7	13	1	8	0	14	34	22	12
4	11	9	4	13	4	13	44	34	10
9	9	18	3	13	9	21	43	24	19
10	21	15	7	15	4	22	64	42	22
13	17	18	7	20	12	25	69	41	28
27	44	33	11	29	16	44	139	95	44
71	116	61	26	90	42	87	369	236	133
3491	3033	7173	3033	7173	7173	10206	13048	6524	6524
