AC	AG	AT	CG	CT	GT	Symm	Asymm	Ts	Tv
883	883	883	587	587	470	1470	3562	1781	1781
11	17	13	10	24	9	23	40	25	15
2	3	2	2	7	3	4	12	10	2
0	4	1	1	2	3	2	9	7	2
0	2	3	1	3	2	4	4	2	2
2	3	1	1	3	3	2	8	6	2
1	0	3	0	3	0	3	2	1	1
2	1	1	0	3	0	1	4	1	3
0	2	0	1	3	1	1	5	3	2
0	1	1	0	1	1	1	1	1	0
1	0	0	0	0	0	0	2	1	1
0	0	1	0	3	0	1	1	1	0
0	3	1	0	3	1	1	3	3	0
0	1	0	0	0	0	0	1	1	0
0	0	1	0	3	0	1	1	1	0
0	1	1	0	1	0	1	2	2	0
1	1	0	0	0	0	0	4	2	2
0	0	0	0	0	0	0	0	0	0
1	1	2	0	1	0	2	2	1	1
1	0	0	0	2	0	0	1	0	1
0	0	1	0	0	0	1	0	0	0
0	1	0	0	1	0	0	2	2	0
0	0	0	0	1	0	0	0	0	0
0	0	0	0	1	1	0	1	0	1
0	2	1	0	2	0	1	4	4	0
0	1	0	0	1	0	0	2	2	0
0	1	0	0	0	0	0	2	2	0
0	0	0	0	0	0	0	0	0	0
0	0	0	0	1	0	0	1	0	1
0	0	0	1	0	0	1	1	0	1
0	0	0	0	2	0	0	0	0	0
0	0	0	3	2	0	3	1	1	0
0	0	1	0	2	0	1	0	0	0
0	2	0	1	1	0	1	3	2	1
0	1	0	0	0	0	0	3	3	0
0	0	0	0	2	0	0	0	0	0
0	0	2	1	0	1	3	1	1	0
0	0	1	0	0	0	1	2	2	0
0	0	0	0	1	0	0	2	2	0
1	2	1	0	0	0	1	5	4	1
0	0	0	0	0	1	0	0	0	0
0	0	0	0	0	1	0	1	1	0
0	1	0	0	0	0	0	1	1	0
0	1	0	0	1	0	0	1	1	0
1	1	0	0	1	0	0	3	2	1
1	1	0	0	2	0	0	4	3	1
0	0	0	0	0	1	0	2	1	1
0	0	1	0	0	0	1	1	1	0
0	0	0	1	1	0	1	1	1	0
0	1	1	0	0	0	1	1	1	0
0	1	0	0	0	0	0	3	3	0
1	0	0	0	0	0	0	2	1	1
0	0	0	1	0	0	1	0	0	0
1	1	0	0	1	1	0	2	1	1
0	1	0	0	1	0	0	2	2	0
1	0	0	0	1	0	0	4	3	1
0	1	1	0	0	0	1	1	1	0
0	0	1	1	0	0	2	4	3	1
0	3	1	0	1	0	1	6	6	0
0	0	0	0	1	0	0	0	0	0
0	0	0	2	0	0	2	2	1	1
2	0	1	0	1	2	1	6	3	3
0	4	1	0	0	1	1	7	7	0
0	0	1	0	1	0	1	3	3	0
1	3	1	0	3	0	1	10	6	4
1	3	2	0	0	2	2	9	6	3
1	3	2	2	3	2	4	9	5	4
1	4	4	3	7	0	7	15	11	4
13	12	10	3	8	4	13	58	36	22
587	470	898	470	898	898	1368	2114	1057	1057
