AC	AG	AT	CG	CT	GT	Symm	Asymm	Ts	Tv
814	814	814	547	547	472	1361	3306	1653	1653
5	9	5	6	12	7	11	32	20	12
1	2	1	3	8	1	4	10	7	3
1	2	1	0	3	0	1	8	4	4
0	1	1	0	3	0	1	2	1	1
1	1	1	0	5	0	1	5	4	1
0	2	1	0	2	0	1	6	4	2
0	3	1	0	1	2	1	5	3	2
0	1	2	0	0	0	2	3	3	0
0	1	1	0	2	0	1	3	3	0
1	0	0	0	0	1	0	1	0	1
0	0	0	1	0	0	1	1	1	0
0	0	0	0	1	1	0	0	0	0
0	0	3	0	0	0	3	3	1	2
0	0	0	1	1	0	1	1	1	0
0	1	0	0	1	0	0	1	1	0
0	1	0	0	0	0	0	2	1	1
0	0	1	0	0	0	1	1	1	0
0	0	0	1	0	1	1	0	0	0
0	0	0	0	0	0	0	0	0	0
0	0	0	1	1	0	1	1	1	0
0	1	0	0	1	0	0	2	2	0
0	0	0	0	0	0	0	0	0	0
0	0	0	0	0	0	0	0	0	0
0	0	0	0	0	0	0	1	1	0
0	0	1	0	0	0	1	0	0	0
1	0	1	0	0	0	1	2	1	1
0	0	0	0	0	0	0	1	1	0
0	0	0	0	1	0	0	0	0	0
0	0	0	0	0	0	0	0	0	0
0	0	0	0	0	0	0	0	0	0
0	0	0	0	1	0	0	1	1	0
0	0	0	2	0	0	2	0	0	0
0	2	1	0	0	0	1	2	2	0
0	0	1	0	1	0	1	0	0	0
0	0	0	0	0	0	0	1	1	0
0	0	0	0	0	0	0	0	0	0
0	0	0	0	0	0	0	0	0	0
0	0	1	0	1	0	1	1	1	0
1	0	1	0	0	0	1	1	0	1
0	1	1	1	0	0	2	1	1	0
0	0	1	0	0	0	1	1	1	0
0	0	0	0	1	0	0	0	0	0
1	0	0	0	1	0	0	1	0	1
0	2	0	0	0	0	0	2	2	0
0	0	0	0	1	0	0	0	0	0
0	1	0	0	0	0	0	1	1	0
0	1	0	0	0	0	0	1	1	0
1	1	0	0	1	0	0	3	2	1
1	0	0	0	1	0	0	2	1	1
0	0	0	0	0	0	0	0	0	0
0	1	0	0	0	0	0	2	1	1
0	1	0	0	1	0	0	1	1	0
1	0	0	0	0	1	0	1	0	1
0	0	0	0	0	0	0	1	1	0
0	0	0	0	1	0	0	1	1	0
0	1	0	0	1	2	0	1	1	0
0	1	0	0	0	0	0	3	2	1
1	2	2	0	1	0	2	3	2	1
1	0	0	0	0	0	0	2	0	2
1	1	0	0	2	0	0	4	3	1
0	1	2	1	2	0	3	1	1	0
0	0	0	1	0	2	1	3	1	2
0	1	1	1	2	2	2	3	3	0
0	3	1	1	3	0	2	8	8	0
0	5	1	0	0	1	1	8	8	0
2	4	1	2	2	3	3	9	7	2
2	2	3	1	5	2	4	13	10	3
13	28	8	4	11	7	12	60	40	20
547	472	839	472	839	839	1311	2038	1019	1019
