AC	AG	AT	CG	CT	GT	Symm	Asymm	Ts	Tv
7685	7685	7685	3701	3701	3372	11386	30772	15386	15386
32	78	80	31	122	55	111	219	154	65
10	30	28	8	45	14	36	89	63	26
5	15	26	9	21	16	35	45	32	13
5	13	16	9	23	7	25	30	22	8
3	5	6	1	19	6	7	17	13	4
5	10	3	2	5	4	5	29	20	9
5	10	6	1	14	1	7	27	17	10
2	8	7	7	12	1	14	24	20	4
3	4	6	1	10	4	7	17	11	6
3	8	9	2	5	3	11	15	12	3
3	5	8	0	7	4	8	18	14	4
3	5	9	2	8	2	11	16	8	8
5	1	6	3	8	1	9	11	4	7
2	6	2	2	4	3	4	16	9	7
2	3	3	1	5	1	4	15	9	6
3	3	2	0	3	1	2	11	7	4
1	3	2	4	5	0	6	13	9	4
2	7	5	0	4	1	5	14	10	4
1	8	3	3	5	3	6	13	11	2
0	3	4	0	4	2	4	8	7	1
1	1	3	0	4	1	3	7	4	3
0	1	5	1	3	3	6	5	4	1
0	2	2	0	4	1	2	9	7	2
0	5	2	2	5	2	4	11	9	2
2	3	3	0	1	1	3	9	5	4
0	7	2	0	3	1	2	14	11	3
2	5	1	2	6	3	3	11	7	4
2	5	3	0	5	3	3	11	8	3
1	1	2	1	7	2	3	5	3	2
1	3	3	2	2	2	5	11	8	3
1	2	1	0	4	1	1	11	6	5
0	3	2	0	2	2	2	10	7	3
2	6	4	3	2	0	7	13	8	5
0	3	1	1	2	4	2	5	5	0
1	2	2	1	2	0	3	9	4	5
0	6	3	1	2	3	4	8	8	0
1	6	2	1	4	3	3	11	8	3
2	2	4	1	4	4	5	9	6	3
3	2	1	2	5	2	3	9	4	5
0	0	0	0	2	1	0	9	7	2
2	1	3	1	3	1	4	11	6	5
3	5	4	0	2	2	4	17	11	6
1	5	8	1	4	3	9	10	8	2
2	4	4	1	2	2	5	8	5	3
0	4	2	3	4	2	5	11	9	2
2	4	1	0	5	2	1	11	8	3
4	4	3	1	3	1	4	14	7	7
2	4	3	1	3	2	4	11	8	3
1	6	3	0	4	1	3	13	10	3
1	6	6	2	3	1	8	15	11	4
5	3	3	1	3	2	4	13	7	6
1	3	7	0	6	3	7	9	8	1
1	4	2	0	4	1	2	9	7	2
4	4	4	2	6	4	6	14	9	5
3	5	4	1	3	5	5	15	9	6
3	7	5	1	3	2	6	19	15	4
1	10	2	1	3	5	3	21	18	3
7	9	5	1	9	1	6	27	16	11
3	9	4	1	4	0	5	20	14	6
2	11	7	2	7	3	9	27	21	6
3	11	8	1	12	2	9	27	23	4
4	12	6	1	7	5	7	31	26	5
2	6	8	2	10	4	10	17	11	6
6	14	14	4	8	1	18	45	33	12
7	17	14	4	9	3	18	54	40	14
13	20	12	6	17	8	18	70	41	29
26	52	35	8	33	16	43	137	97	40
62	110	69	30	76	33	99	349	232	117
3701	3372	7701	3372	7701	7701	11073	14146	7073	7073
