AC	AG	AT	CG	CT	GT	Symm	Asymm	Ts	Tv
6945	6945	6945	3493	3493	3069	10438	28052	14026	14026
28	93	79	39	123	60	118	239	173	66
13	31	35	14	53	28	49	86	59	27
9	23	18	4	39	12	22	65	47	18
9	14	10	12	18	8	22	46	29	17
5	16	11	1	26	5	12	44	31	13
6	8	6	3	16	3	9	26	15	11
3	10	10	3	9	5	13	19	12	7
3	7	6	3	9	8	9	24	16	8
4	6	3	3	10	1	6	25	14	11
8	12	7	2	10	0	9	33	22	11
8	4	8	1	6	6	9	27	14	13
0	5	8	3	7	4	11	9	8	1
2	7	5	1	7	1	6	16	13	3
1	3	4	2	10	2	6	16	11	5
2	6	2	2	4	6	4	13	10	3
3	5	6	1	7	2	7	22	13	9
1	4	3	1	8	2	4	11	7	4
0	2	4	0	5	2	4	9	7	2
1	7	5	1	8	2	6	17	10	7
2	4	4	2	3	8	6	11	6	5
2	4	4	2	4	0	6	8	6	2
0	4	5	1	5	1	6	11	7	4
1	1	2	0	7	2	2	6	4	2
0	8	3	0	6	0	3	12	12	0
1	5	6	2	4	0	8	11	9	2
2	3	2	0	1	2	2	8	5	3
4	4	4	1	3	1	5	10	4	6
1	3	2	1	2	1	3	6	4	2
1	1	2	1	3	5	3	4	3	1
2	3	1	2	4	4	3	13	7	6
2	1	2	0	3	5	2	8	5	3
2	3	5	2	6	0	7	10	6	4
1	4	4	1	6	2	5	7	5	2
2	4	0	1	3	0	1	9	6	3
0	2	5	0	2	1	5	5	5	0
2	3	6	1	1	1	7	13	9	4
3	1	6	1	3	2	7	10	7	3
1	3	3	1	4	1	4	12	6	6
1	3	3	1	4	4	4	12	7	5
0	4	5	3	2	0	8	12	7	5
0	5	0	2	1	1	2	8	7	1
2	2	1	0	0	2	1	8	5	3
3	6	1	0	2	1	1	12	7	5
3	1	3	0	4	1	3	8	5	3
1	4	6	2	4	0	8	11	10	1
3	7	3	1	3	1	4	19	14	5
3	1	3	1	3	4	4	10	6	4
0	3	3	1	2	0	4	7	7	0
4	4	5	0	2	3	5	19	7	12
2	4	6	0	3	6	6	16	12	4
3	6	3	0	5	2	3	16	11	5
3	5	5	1	3	3	6	18	13	5
0	3	3	1	8	6	4	12	10	2
3	9	8	1	4	1	9	22	13	9
3	12	7	2	8	4	9	27	22	5
6	10	5	1	6	1	6	24	17	7
5	10	7	1	3	1	8	26	17	9
2	6	5	2	10	5	7	20	12	8
4	9	7	1	10	3	8	23	19	4
5	7	4	4	8	7	8	23	17	6
6	8	10	3	9	5	13	31	17	14
4	11	9	1	2	4	10	29	20	9
6	6	11	5	7	5	16	31	22	9
13	8	9	5	15	8	14	52	34	18
16	22	14	10	15	8	24	64	40	24
13	32	10	5	24	9	15	96	71	25
28	38	35	20	28	14	55	147	91	56
85	114	106	29	80	38	135	382	237	145
3493	3069	7081	3069	7081	7081	10150	13124	6562	6562
