AC	AG	AT	CG	CT	GT	Symm	Asymm	Ts	Tv
6894	6894	6894	3660	3660	3094	10554	27776	13888	13888
42	91	73	37	122	58	110	253	174	79
15	22	25	15	37	24	40	90	67	23
5	11	16	7	28	14	23	48	35	13
3	10	12	6	18	7	18	30	24	6
3	8	10	2	16	14	12	29	19	10
1	11	6	3	12	7	9	24	19	5
6	10	7	3	15	2	10	25	18	7
4	2	10	4	17	7	14	19	11	8
1	4	2	4	12	1	6	17	14	3
2	2	3	3	9	3	6	7	4	3
4	7	3	1	3	2	4	17	11	6
4	3	13	1	8	4	14	22	11	11
5	3	5	2	6	5	7	10	3	7
4	4	5	0	6	1	5	14	9	5
1	3	3	2	5	1	5	20	13	7
1	4	2	2	6	0	4	9	6	3
2	5	4	0	7	3	4	12	9	3
2	4	4	1	9	1	5	13	8	5
1	3	3	3	3	3	6	8	6	2
1	4	3	0	5	4	3	8	7	1
1	5	4	0	2	0	4	8	6	2
1	2	2	1	7	0	3	8	4	4
2	3	6	3	1	2	9	15	9	6
1	5	4	1	8	2	5	10	6	4
1	2	4	1	2	1	5	12	9	3
3	0	6	2	2	3	8	8	3	5
0	0	5	2	1	0	7	5	3	2
2	2	1	0	1	0	1	5	3	2
2	1	6	1	5	2	7	4	2	2
6	3	1	2	3	1	3	15	8	7
3	2	2	0	1	0	2	9	5	4
5	2	1	0	0	2	1	11	6	5
1	1	2	1	2	1	3	6	3	3
1	3	3	0	6	0	3	8	6	2
0	6	3	1	3	1	4	12	12	0
1	6	3	1	2	2	4	10	8	2
0	3	2	0	4	0	2	5	3	2
0	4	3	3	3	1	6	5	5	0
3	4	3	0	5	1	3	11	7	4
4	0	3	2	1	0	5	11	5	6
0	1	2	0	1	0	2	2	2	0
1	4	3	0	3	2	3	6	5	1
1	1	2	1	3	2	3	7	3	4
2	1	1	3	7	2	4	6	3	3
4	4	2	0	1	3	2	18	12	6
1	6	5	3	6	4	8	10	7	3
0	5	3	1	2	3	4	12	12	0
1	2	3	1	1	1	4	5	4	1
5	4	6	0	3	0	6	18	9	9
0	5	2	3	3	1	5	11	8	3
3	3	0	1	4	3	1	16	12	4
4	9	7	5	4	1	12	23	16	7
1	2	1	1	2	2	2	9	8	1
5	12	3	3	10	6	6	23	17	6
4	4	5	0	5	1	5	15	10	5
1	5	4	2	0	2	6	17	11	6
4	8	4	3	8	7	7	24	16	8
3	10	5	2	4	2	7	18	13	5
4	3	10	4	2	1	14	19	12	7
7	8	9	3	10	2	12	28	20	8
6	12	7	3	9	4	10	42	29	13
7	12	4	2	8	1	6	36	27	9
12	12	7	6	8	4	13	43	24	19
8	8	7	2	11	7	9	46	24	22
14	24	10	9	14	3	19	63	42	21
18	23	18	4	24	8	22	83	51	32
33	36	25	14	45	8	39	130	73	57
63	96	82	20	83	37	102	339	218	121
3660	3094	6994	3094	6994	6994	10088	13508	6754	6754
