AC	AG	AT	CG	CT	GT	Symm	Asymm	Ts	Tv
872	872	872	594	594	507	1466	3558	1779	1779
6	18	12	4	25	7	16	45	32	13
3	2	3	4	6	4	7	11	8	3
2	3	2	2	6	1	4	7	5	2
1	2	0	0	1	3	0	5	2	3
0	1	2	0	2	3	2	2	1	1
0	1	1	0	3	0	1	3	3	0
0	4	1	0	4	1	1	5	4	1
0	2	3	1	3	0	4	4	4	0
0	0	0	1	1	0	1	0	0	0
0	0	0	0	4	1	0	1	1	0
2	0	0	2	2	0	2	2	0	2
0	0	1	0	1	1	1	1	0	1
0	0	1	0	2	0	1	0	0	0
1	2	1	0	1	0	1	4	3	1
0	0	1	0	1	0	1	1	1	0
1	0	1	0	0	1	1	4	3	1
0	1	0	0	0	0	0	2	2	0
1	1	0	0	1	1	0	2	1	1
0	0	1	0	0	2	1	2	1	1
0	0	0	0	0	1	0	0	0	0
1	1	0	1	1	0	1	2	1	1
0	0	2	0	1	0	2	0	0	0
0	0	0	1	0	0	1	2	1	1
1	1	0	1	0	1	1	2	1	1
0	1	0	0	1	0	0	1	1	0
0	1	0	0	0	0	0	2	2	0
0	0	0	0	2	1	0	0	0	0
0	1	1	0	0	0	1	1	1	0
0	0	0	0	0	1	0	2	1	1
0	0	2	0	0	0	2	2	2	0
0	0	0	0	0	0	0	0	0	0
0	1	1	0	0	0	1	3	1	2
0	0	0	0	0	0	0	1	1	0
1	0	0	0	0	0	0	2	1	1
0	1	2	0	1	0	2	1	1	0
0	0	0	1	1	0	1	0	0	0
0	1	0	0	0	2	0	1	1	0
0	0	0	0	0	0	0	0	0	0
0	0	0	1	2	0	1	0	0	0
1	0	1	0	1	1	1	2	0	2
0	0	0	1	0	0	1	0	0	0
0	0	0	1	0	0	1	3	2	1
0	0	0	0	1	0	0	0	0	0
0	1	0	0	0	0	0	2	2	0
0	0	1	1	0	0	2	1	0	1
0	0	0	0	1	1	0	0	0	0
1	0	0	0	0	0	0	2	1	1
0	0	0	0	0	0	0	1	1	0
0	1	1	0	0	0	1	2	1	1
0	0	1	1	1	1	2	2	0	2
0	0	0	0	0	0	0	2	1	1
0	0	0	0	1	0	0	0	0	0
0	1	1	0	3	0	1	2	1	1
1	0	1	0	1	0	1	2	1	1
0	0	0	0	1	0	0	1	1	0
0	0	0	0	0	0	0	2	2	0
0	0	0	0	0	1	0	2	1	1
0	0	1	0	0	0	1	2	2	0
0	0	2	0	1	0	2	5	4	1
0	1	2	0	0	0	2	2	2	0
3	0	0	0	2	0	0	6	3	3
0	2	0	1	0	1	1	7	6	1
1	3	1	2	2	0	3	7	6	1
2	2	4	0	0	1	4	9	4	5
2	4	2	2	0	2	4	10	5	5
0	4	0	0	2	0	0	11	10	1
5	10	8	1	6	0	9	25	16	9
5	22	9	1	14	7	10	59	47	12
594	507	907	507	907	907	1414	2202	1101	1101
