AC	AG	AT	CG	CT	GT	Symm	Asymm	Ts	Tv
4034	4034	4034	2929	2929	2455	6963	16500	8250	8250
50	129	95	49	160	74	144	356	246	110
17	52	31	14	39	24	45	117	88	29
4	14	13	9	25	4	22	40	28	12
2	12	3	4	11	5	7	30	23	7
2	11	2	1	15	6	3	25	22	3
6	7	4	1	5	2	5	22	12	10
4	5	4	2	6	3	6	21	14	7
1	8	2	2	3	2	4	13	10	3
3	1	2	2	8	2	4	8	3	5
7	2	2	2	3	2	4	13	4	9
5	4	5	1	2	2	6	14	7	7
2	7	2	1	2	2	3	19	15	4
1	9	1	1	2	2	2	15	12	3
2	5	2	2	9	3	4	16	11	5
2	8	2	1	5	4	3	17	13	4
3	7	3	4	11	1	7	31	22	9
8	5	8	3	11	5	11	29	16	13
10	15	10	4	14	8	14	54	40	14
15	32	26	17	36	12	43	110	71	39
91	153	96	41	117	60	137	478	313	165
2929	2455	4216	2455	4216	4216	6671	10768	5384	5384
