AC	AG	AT	CG	CT	GT	Symm	Asymm	Ts	Tv
5057	5057	5057	3763	3763	3160	8820	20832	10416	10416
55	136	102	52	187	83	154	382	264	118
18	54	34	16	41	26	50	125	94	31
4	17	13	9	26	4	22	43	31	12
2	13	3	4	12	5	7	33	26	7
2	11	3	1	16	6	4	27	24	3
6	9	4	1	5	2	5	25	15	10
5	6	4	2	6	3	6	23	15	8
2	8	2	2	3	2	4	14	10	4
3	3	2	2	8	3	4	10	5	5
8	2	2	2	4	2	4	14	4	10
5	4	5	2	2	2	7	15	8	7
3	10	2	1	2	2	3	24	18	6
2	9	1	1	2	2	2	16	12	4
3	7	3	2	9	3	5	19	13	6
2	9	3	1	6	4	4	18	14	4
3	8	3	4	13	1	7	33	24	9
9	5	8	3	13	5	11	31	17	14
11	17	10	4	14	8	14	58	43	15
15	35	28	18	40	13	46	117	76	41
100	166	104	47	128	63	151	536	353	183
3763	3160	5359	3160	5359	5359	8519	13846	6923	6923
