AC	AG	AT	CG	CT	GT	Symm	Asymm	Ts	Tv
36586	36586	36586	18716	18716	16196	55302	148134	74067	74067
455	1032	1066	388	1382	687	1454	2927	2033	894
148	332	328	107	432	217	435	950	674	276
65	166	140	54	177	98	194	466	331	135
45	103	105	30	124	39	135	278	202	76
34	61	56	13	79	39	69	178	113	65
23	61	51	9	68	27	60	174	131	43
18	40	46	15	55	22	61	131	91	40
18	38	35	7	48	17	42	115	81	34
15	37	37	6	42	23	43	105	68	37
10	33	25	12	37	17	37	108	79	29
21	32	32	10	46	19	42	107	69	38
10	29	35	11	31	22	46	104	71	33
20	28	33	9	43	16	42	113	76	37
27	44	36	10	51	22	46	148	99	49
38	57	48	14	70	20	62	190	125	65
49	65	64	20	52	31	84	232	144	88
55	102	97	30	99	31	127	320	226	94
108	143	155	44	165	70	199	526	320	206
202	349	286	100	342	128	386	1200	781	419
788	1200	1071	335	1001	439	1406	4057	2582	1475
18716	16196	37481	16196	37481	37481	53677	69824	34912	34912
