AC	AG	AT	CG	CT	GT	Symm	Asymm	Ts	Tv
43343	43343	43343	23058	23058	19964	66401	175958	87979	87979
505	1134	1157	448	1555	780	1605	3261	2266	995
167	375	361	124	477	240	485	1048	742	306
70	188	160	63	196	106	223	527	375	152
49	115	114	35	145	44	149	314	231	83
37	71	67	17	87	46	84	203	131	72
27	68	58	14	77	31	72	200	145	55
25	46	51	15	62	24	66	153	102	51
20	43	38	10	54	19	48	137	97	40
18	45	41	6	49	28	47	125	83	42
12	38	26	13	41	18	39	121	88	33
24	37	33	10	50	21	43	120	78	42
15	33	37	12	38	24	49	125	82	43
21	35	39	11	54	20	50	129	89	40
29	54	38	15	56	26	53	169	116	53
41	60	56	17	77	28	73	209	137	72
55	73	77	23	60	35	100	261	160	101
68	124	106	35	116	34	141	381	269	112
124	165	187	50	187	82	237	591	361	230
227	410	312	119	367	139	431	1354	887	467
899	1358	1210	387	1132	490	1597	4592	2913	1679
23058	19964	44636	19964	44636	44636	64600	86044	43022	43022
